 -1.433696561117821E-005
 -1.345992169050302E-005
 -1.254797069934643E-005
 -1.156732476974879E-005
 -1.054894490328476E-005
 -9.572361251426231E-006
 -8.738651252899106E-006
 -8.052672450488078E-006
 -7.404174964518707E-006
 -6.733163137207124E-006
 -6.047875178423131E-006
 -5.360146357473706E-006
 -4.682010016687825E-006
 -4.025894538398482E-006
 -3.403889816533805E-006
 -2.828813527952120E-006
 -2.310999467136030E-006
 -1.855767511371206E-006
 -1.465117792122611E-006
 -1.137085999079668E-006
 -8.672079478779511E-007
 -6.496490894360125E-007
 -4.775818038844300E-007
 -3.440586718007942E-007
 -2.427892066225333E-007
 -1.683889897315661E-007
 -1.157878357467083E-007
 -8.009763415340152E-008
 -5.694370000362567E-008
 -4.262833092593916E-008
 -3.412482868460649E-008
 -2.921490422785471E-008
 -2.646946745348582E-008
 -2.501739524749002E-008
 -2.426812196953790E-008
 -2.385078496203480E-008
 -2.359478274378864E-008
 -2.342579063593606E-008
 -2.330017062327404E-008
 -2.319049964651936E-008
 -2.308043729877650E-008
 -2.296089987231352E-008
 -2.282651704898812E-008
 -2.267378271329016E-008
 -2.250045384791759E-008
 -2.230303379364853E-008
 -2.207827026310077E-008
 -2.182367640822623E-008
 -2.153415425578994E-008
 -2.120504721566308E-008
 -2.083365793622034E-008
 -2.041440221238983E-008
 -1.994055863116478E-008
 -1.940824979528560E-008
 -1.883823208952907E-008
 -1.828769102261825E-008
 -1.780557552587853E-008
 -1.741677163718098E-008
 -1.714018587501838E-008
 -1.697442948997879E-008
 -1.685970820810919E-008
