       412.12956   2.5649209e-12
       370.75675   2.8467759e-12
       334.38497   3.7561175e-12
       303.47631   5.0856764e-12
       278.19131   6.8884794e-12
       258.42419   9.1041542e-12
       242.89834   1.1629768e-11
       231.43073   1.4099642e-11
       223.84855   1.6136624e-11
       216.34369   1.8505897e-11
       208.92305   2.1207492e-11
       201.59422   2.4079976e-11
       194.35344   2.7076033e-11
       187.19845   3.0592097e-11
       180.12870   3.4968480e-11
       173.14391   3.9273049e-11
       166.25133   4.3746240e-11
       159.48255   4.8294270e-11
       152.83753   5.2122286e-11
       146.31602   5.6583474e-11
       139.91709   6.1656851e-11
       133.64319   6.6068134e-11
       127.51286   7.0716020e-11
       121.52260   7.5623685e-11
       115.66983   7.5189210e-11
       109.95103   7.2912514e-11
       104.36456   6.6009010e-11
       98.928031   5.9304493e-11
       93.630148   4.9166932e-11
       88.482289   3.8062425e-11
       83.511898   2.3891975e-11
       78.760688   1.5075898e-11
       74.302813   1.0136907e-11
       70.223898   7.1630348e-12
       66.592031   3.9946173e-12
       63.400836   2.3388585e-12
       60.507074   1.4981875e-12
       57.727703   6.1922109e-13
       55.020129   2.3501532e-13
       52.354859   9.0906801e-14
       49.711641   3.0484547e-14
       47.078594   5.1233063e-15
       44.452715   1.2050237e-15
       41.832469   6.3132419e-16
       39.213559   6.2859694e-16
       36.589723   7.6356214e-16
       33.956363   1.0095582e-15
       31.302182   1.5077531e-15
       28.622475   2.7410280e-15
       25.910543   5.6136641e-15
       23.156857   1.1938219e-14
       20.355650   2.0619976e-14
       17.499100   3.7569616e-14
       14.585572   3.8740393e-14
       11.606581   2.9831329e-14
       8.5547559   1.9232436e-14
       5.9232612   1.1226618e-14
       3.7561235   5.5529313e-15
       2.0832659   2.3276507e-15
      0.92800525   7.3276507e-16
      0.31041870   2.3276507e-16
---------------------------------------
units of particles cm^-3 s^-1
= (prod rate in molecules cm^-3 s^-1) * (100 g/mol)/A/(1g cm^-3)/vol(1 um particle)
A = avogadro's number

