       412.12956   0.00017041439      0.12513554
       370.75675   0.00021446756     0.099743365
       334.38497   0.00027283471     0.094475929
       303.47631   0.00035206934      0.10330594
       278.19131   0.00045059133      0.12059003
       258.42419   0.00055586526      0.14156206
       242.89834   0.00066101868      0.16360896
       231.43073   0.00075491740      0.18367845
       223.84855   0.00082924829      0.19928200
       216.34369   0.00091269573      0.21689834
       208.92305    0.0010087290      0.23661632
       201.59422    0.0011368026      0.25787243
       194.35344    0.0012980963      0.28014263
       187.19845    0.0015001085      0.30437158
       180.12870    0.0017558991      0.33123284
       173.14391    0.0020928352      0.35668293
       166.25133    0.0025358996      0.38073920
       159.48255    0.0031120757      0.40321583
       152.83753    0.0038492270      0.42417743
       146.31602    0.0047708912      0.45199246
       139.91709    0.0059140872      0.48633271
       133.64319    0.0070968366      0.54227474
       127.51286    0.0085091353      0.60368117
       121.52260     0.010209120      0.67124592
       115.66983     0.011298368      0.72249889
       109.95103     0.012145810      0.76786015
       104.36456     0.012433043      0.75531500
       98.928031     0.012877683      0.73640543
       93.630148     0.012993116      0.68165529
       88.482289     0.012220852      0.62018261
       83.511898     0.010926032      0.44656125
       78.760688     0.010278660      0.29973942
       74.302813    0.0088814067      0.27533377
       70.223898    0.0078201800      0.27604217
       66.592031    0.0051944214      0.27911053
       63.400836    0.0036808075      0.28164446
       60.507074    0.0066442462      0.28322020
       57.727703     0.010580039      0.28441803
       55.020129    0.0084343536      0.28533073
       52.354859    0.0053069242      0.28609932
       49.711641    0.0023454753      0.28677034
       47.078594   0.00053768742      0.28677034
       44.452715   0.00021168948      0.28677034
       41.832469   0.00016231271      0.28677034
       39.213559   0.00017207766      0.28677034
       36.589723   0.00019305097      0.28677034
       33.956363   0.00022052819      0.28677034
       31.302182   0.00025685373      0.28677034
       28.622475   0.00030522725      0.28677034
       25.910543   0.00036263513      0.28677034
       23.156857   0.00041610365      0.28677034
       20.355650   0.00045452533      0.28677034
       17.499100   0.00048919776      0.28677034
       14.585572   0.00050074658      0.28677034
       11.606581   0.00049100558      0.28677034
       8.5547559   0.00043524792      0.28677034
       5.9232612   0.00035223744      0.28677034
       3.7561235   0.00024855013      0.28677034
       2.0832659   0.00015002339      0.28677034
      0.92800525   7.6680231e-05      0.28677034
      0.31041870   7.6680231e-05      0.28677034
-------------------------------------------------------------------------------
Parameterizations for haze formation:
2nd col: factor x C2H2 loss = hydrocarbon haze
3rd col: factor x N2 loss thru cosmic rays = nitrile haze
