idx #	pathname	# species	# pathways
matrix of quantum yield expressions
; CH4
15 'qy/CH4_qy.ext'    4 12
1   -1 -1 -1 -1 -1 -1 -1 -1 -1 -1 -1 -1
20   0  2  1  1  2  0  0  1  2  1  0  0
2    1  0  0  1  0  0  0  0  0  1  0  0
21   0  0  1  0  0  0  0  0  0  0  0  0
; C2H2
16  'qy/C2H2_qy.ext'   3 7
3   -1 -1 -1 -1 -1 -1 -1
23   1  0  0  0  0  0  0
20   1  0  0  0  0  0  0
; C2H4
17 'qy/C2H4_qy.ext'   5 14
4   -1 -1 -1 -1 -1 -1 -1 -1 -1 -1 -1 -1 -1 -1
3    1  1  0  0  0  0  0  0  0  0  0  0  0  0
24   0  0  1  0  0  0  0  0  0  0  0  0  0  0
2    1  0  0  0  0  0  0  0  0  0  0  0  0  0
20   0  2  1  0  1  2  0  0  0  0  0  0  0  0
; C2H6
18  'qy/C2H6_qy.ext'   7 14
5   -1 -1 -1 -1 -1 -1 -1 -1 -1 -1 -1 -1 -1 -1
4    1  1  0  0  0  0  0  0  0  0  0  0  0  0
2    1  0  2  0  0  0  0  0  0  0  0  0  0  0
20   0  2  0  0  0  0  1  0  0  0  0  0  0  0
3    0  0  1  0  0  0  0  0  0  0  0  0  0  0
1    0  0  0  1  0  0  0  0  0  0  0  0  0  0
21   0  0  0  0  2  0  0  0  0  0  0  0  0  0
; C3H3
27 'qy/C3H3_qy.ext'   4 2
27 -1 -1
26  1  0
20  1  0
2   0  1
; CH2CCH2
7  'qy/CH2CCH2_qy.ext' 5 8
7  -1 -1 -1 -1 -1 -1 -1 -1
27  1  0  0  0  0  0  0  0
20  1  0  0  1  1  0  0  0
26  0  1  0  0  0  0  0  0
2   0  1  0  0  0  1  1  0

; CH3C2H
6  'qy/CH3C2H_qy.ext' 5 8
6  -1 -1 -1 -1 -1 -1 -1 -1
27  1  0  0  0  0  0  0  0
20  1  0  0  1  1  0  1  0
26  0  1  0  0  0  0  0  0
2   0  1  0  0  0  1  1  0
; C3H5
28 'qy/C3H5_qy.ext'   6 3
28 -1 -1 -1
3   1  0  0
21  1  0  0
6   0  1  0
7   0  0  1
20  0  1  1
; C3H6
8  'qy/C3H6_qy.ext'   11 6
8  -1 -1 -1 -1 -1 -1 
28  1  0  0  0  0  0
7   0  0  1  0  0  0
6   0  1  0  0  0  0
4   0  0  0  1  0  0
3   0  0  0  0  0  1
1   0  0  0  0  0  1
24  0  0  0  0  1  0
21  0  0  0  0  1  0
2   0  1  1  0  0  0
20  1  0  0  0  0  0
; C3H8
9  'qy/C3H8_qy.ext'   8 4
9  -1 -1 -1 -1
8   1  0  0  0
2   1  0  0  0
5   0  1  0  0
25  0  0  1  0
21  0  0  1  0
4   0  0  0  1
1   0  0  0  1
; C4H2
10 'qy/C4H2_qy.ext'   7 4
10 -1 -1 -1 -1
30  1  0  0  0
20  1  0  0  0
23  0  2  0  0
3   0  0  1  0
22  0  0  1  0
31  0  0  0  1
; C4H4
33 'qy/C4H4_qy.ext'   4 2
33 -1 -1
10  1  0
2   1  0
3   0  2
; C4H6
11 'qy/C4H6_qy.ext'   10 5
11 -1 -1 -1 -1 -1
33  0  0  0  0  1
2   0  0  0  0  1
4   0  0  1  0  0
3   0  0  1  0  0
24  0  0  0  2  0
21  1  0  0  0  0
27  1  0  0  0  0
34  0  1  0  0  0
20  0  1  0  0  0
; C6H2
35 'qy/C6H2_qy.ext'   4 2
35 -1 -1
20  1  0
30  0  1
23  0  1
; HCN
19 'qy/HCN_qy.ext'    3 4
12  -1 -1 -1 -1
20   1  0  1  0
39   1  0  0  0
; HC3N
13 'qy/HC3N_qy.ext'   5 3
13  -1 -1 -1
23   1  0  0
39   1  0  0
20   0  1  0
41   0  1  0
; C2H3CN
14 'qy/C2H3CN_qy.ext' 9 4
14  -1 -1 -1 -1
12   1  0  0  0
3    1  0  0  0
2    0  1  0  0
13   0  1  0  0
20   0  0  1  0
42   0  0  1  0
39   0  0  0  1
24   0  0  0  1
; CH3
21 'qy/single_qy.ext'     2 1
21 -1
20  1
; C2H3
24 'qy/single_qy.ext'    3 1
24 -1
3   1
20  1
; C2H5
25 'qy/single_qy.ext'    2 1
25 -1
21  1
'end'