       1     159
HAZE_0
      1.00000      1.00000
      10.0000      1.00000
      20.0000      1.00000
      30.0000      1.00000
      40.0000      1.00000
      50.0000      1.00000
      60.0000      1.00000
      70.0000      1.00000
      80.0000      1.00000
      90.0000      1.00000
      100.000      1.00000
      110.000      1.00000
      120.000      1.00000
      130.000      1.00000
      140.000      1.00000
      150.000      1.00000
      160.000      1.00000
      170.000      1.00000
      180.000      1.00000
      190.000      1.00000
      200.000      1.00000
      210.000      1.00000
      220.000      1.00000
      230.000      1.00000
      240.000      1.00000
      250.000      1.00000
      260.000      1.00000
      270.000      1.00000
      280.000      1.00000
      290.000      1.00000
      300.000      1.00000
      310.000      1.00000
      320.000      1.00000
      330.000      1.00000
      340.000      1.00000
      350.000      1.00000
      360.000      1.00000
      370.000      1.00000
      380.000      1.00000
      390.000      1.00000
      400.000      1.00000
      410.000      1.00000
      420.000      1.00000
      430.000      1.00000
      440.000      1.00000
      450.000      1.00000
      460.000      1.00000
      470.000      1.00000
      480.000      1.00000
      490.000      1.00000
      500.000      1.00000
      510.000      1.00000
      520.000      1.00000
      530.000      1.00000
      540.000      1.00000
      550.000      1.00000
      560.000      1.00000
      570.000      1.00000
      580.000      1.00000
      590.000      1.00000
      600.000      1.00000
      610.000      1.00000
      620.000      1.00000
      630.000      1.00000
      640.000      1.00000
      650.000      1.00000
      660.000      1.00000
      670.000      1.00000
      680.000      1.00000
      690.000      1.00000
      700.000      1.00000
      710.000      1.00000
      720.000      1.00000
      730.000      1.00000
      740.000      1.00000
      750.000      1.00000
      760.000      1.00000
      770.000      1.00000
      780.000      1.00000
      790.000      1.00000
      800.000      1.00000
      810.000      1.00000
      820.000      1.00000
      830.000      1.00000
      840.000      1.00000
      850.000      1.00000
      860.000      1.00000
      870.000      1.00000
      880.000      1.00000
      890.000      1.00000
      900.000      1.00000
      910.000      1.00000
      920.000      1.00000
      930.000      1.00000
      940.000      1.00000
      950.000      1.00000
      960.000      1.00000
      970.000      1.00000
      980.000      1.00000
      990.000      1.00000
      1000.00      1.00000
      1010.00      1.00000
      1020.00      1.00000
      1030.00      1.00000
      1040.00      1.00000
      1050.00      1.00000
      1060.00      1.00000
      1070.00      1.00000
      1080.00      1.00000
      1090.00      1.00000
      1100.00      1.00000
      1110.00      1.00000
      1120.00      1.00000
      1130.00      1.00000
      1140.00      1.00000
      1150.00      1.00000
      1160.00      1.00000
      1170.00      1.00000
      1180.00      1.00000
      1190.00      1.00000
      1200.00      1.00000
      1210.00      1.00000
      1220.00      1.00000
      1230.00      1.00000
      1240.00      1.00000
      1250.00      1.00000
      1260.00      1.00000
      1270.00      1.00000
      1280.00      1.00000
      1290.00      1.00000
      1300.00      1.00000
      1310.00      1.00000
      1320.00      1.00000
      1330.00      1.00000
      1340.00      1.00000
      1350.00      1.00000
      1360.00      1.00000
      1370.00      1.00000
      1380.00      1.00000
      1390.00      1.00000
      1400.00      1.00000
      1410.00      1.00000
      1420.00      1.00000
      1430.00      1.00000
      1440.00      1.00000
      1450.00      1.00000
      1460.00      1.00000
      1470.00      1.00000
      1480.00      1.00000
      1490.00      1.00000
      1500.00      1.00000
      1510.00      1.00000
      1520.00      1.00000
      1530.00      1.00000
      1540.00      1.00000
      1550.00      1.00000
      1560.00      1.00000
      1570.00      1.00000
      1580.00      1.00000
      1590.00      1.00000
