 0.2536715458082E-01 0.2715521821372E-05 0.2373565708703E-01 0.1414972478186E-56
 0.2536715458082E-01 0.3429371626463E-05 0.2373565708703E-01 0.1961314058392E-56
 0.2536715458082E-01 0.4336163845850E-05 0.2373565708703E-01 0.2764340810316E-56
 0.2536715458082E-01 0.5493793408513E-05 0.2373565708703E-01 0.3962614975510E-56
 0.2536715458082E-01 0.7330007437947E-05 0.2373565708703E-01 0.5773348030008E-56
 0.2536715458082E-01 0.5175054275103E-04 0.2373565708703E-01 0.8536660797401E-56
 0.2536715458082E-01 0.1909662167152E-04 0.2373565708703E-01 0.1278487740349E-55
 0.2536715458082E-01 0.1527645612801E-04 0.2373565708703E-01 0.1935215451216E-55
 0.2536715458082E-01 0.2100780377602E-04 0.2373565708703E-01 0.2954920795109E-55
 0.2536715458082E-01 0.3093987905023E-04 0.2373565708703E-01 0.4544191173218E-55
 0.2536715458082E-01 0.5011930486516E-04 0.2373565708703E-01 0.7029375791175E-55
 0.2536715458082E-01 0.8796865910464E-04 0.2373565708703E-01 0.1092664791045E-54
 0.2536715458082E-01 0.1583353903085E-03 0.2373565708703E-01 0.5033022115197E-47
 0.2536715458082E-01 0.2582542150688E-03 0.2373565708703E-01 0.4294856940290E-35
 0.2536715458082E-01 0.3780433941077E-03 0.2373565708703E-01 0.1104272422921E-25
 0.2536715458082E-01 0.5197204322444E-03 0.2373565708703E-01 0.1810211492821E-18
 0.2536715458082E-01 0.6872133793571E-03 0.2373565708703E-01 0.4256958130509E-13
 0.2536715458082E-01 0.8940097048065E-03 0.2373565708703E-01 0.3635706494228E-09
 0.2536715458082E-01 0.1161311720317E-02 0.2373565708703E-01 0.2668307317119E-06
 0.2536715458082E-01 0.1515658838311E-02 0.2373565708703E-01 0.2899326046914E-04
 0.2536715458082E-01 0.1991985037593E-02 0.2373565708703E-01 0.6849110534752E-03
 0.2536715458082E-01 0.2643370032368E-02 0.2373565708703E-01 0.5943475049178E-02
 0.2536715458082E-01 0.3545028991947E-02 0.2373565708703E-01 0.2310323203720E-01
 0.2536715458082E-01 0.4812678896581E-02 0.2373565708703E-01 0.4160914007556E-01
 0.2536715458082E-01 0.6628542075642E-02 0.2373565708703E-01 0.3208174021495E-01
 0.2536715458082E-01 0.9271349709173E-02 0.2373565708703E-01 0.8421215162564E-02
 0.2536715458082E-01 0.1317624574128E-01 0.2373565708703E-01 0.7106434602810E-03
 0.2536715458082E-01 0.1902798291535E-01 0.2373565708703E-01 0.2487459641321E-04
 0.2536715458082E-01 0.2790096882469E-01 0.2373565708703E-01 0.4887369285213E-06
 0.2536715458082E-01 0.4147675872730E-01 0.2373565708703E-01 0.5692476964593E-08
 0.2536715458082E-01 0.6238870877733E-01 0.2373565708703E-01 0.3738517519513E-10
 0.2536715458082E-01 0.9476934715067E-01 0.2373565708703E-01 0.1364960364896E-12
 0.2536715458082E-01 0.1451210848269E+00 0.2373565708703E-01 0.2794109228508E-15
 0.2536715458082E-01 0.2237171395634E+00 0.2373565708703E-01 0.3255602853777E-18
 0.2536715458082E-01 0.3468330421667E+00 0.2373565708703E-01 0.2201468119438E-21
