  0.000000      93.281     5.40400E-03
  0.002597      93.257     5.40460E-03
  0.015720      93.240     5.40140E-03
  0.036647      93.222     5.39540E-03
  0.058008      93.206     5.39040E-03
  0.079115      93.194     5.38540E-03
  0.100110      93.183     5.38030E-03
  0.120980      93.167     5.37550E-03
  0.167290      93.125     5.36520E-03
  0.189050      93.125     5.35920E-03
  0.210700      93.109     5.35420E-03
  0.232090      93.089     5.34960E-03
  0.253080      93.086     5.34410E-03
  0.273960      93.071     5.33930E-03
  0.294860      93.068     5.33370E-03
  0.315920      93.071     5.32780E-03
  0.337130      92.900     5.33200E-03
  0.358320      92.832     5.33080E-03
  0.379390      92.815     5.32630E-03
  0.400480      92.805     5.32120E-03
  0.421590      92.793     5.31610E-03
  0.442720      92.781     5.31100E-03
  0.464010      92.779     5.30530E-03
  0.485330      92.770     5.30000E-03
  0.506520      92.746     5.29570E-03
  0.527730      92.734     5.29060E-03
  0.548970      92.725     5.28540E-03
  0.570500      92.711     5.28030E-03
  0.592200      92.688     5.27570E-03
  0.613770      92.665     5.27130E-03
  0.635220      92.637     5.26720E-03
  0.656550      92.615     5.26280E-03
  0.677620      92.601     5.25800E-03
  0.698840      92.574     5.25380E-03
  0.720230      92.554     5.24930E-03
  0.766550      92.523     5.23840E-03
  0.788140      92.520     5.23290E-03
  0.809620      92.499     5.22830E-03
  0.831110      92.481     5.22360E-03
  0.852760      92.464     5.21880E-03
  0.874290      92.457     5.21350E-03
  0.895990      92.438     5.20860E-03
  0.917130      92.414     5.20450E-03
  0.938300      92.390     5.20030E-03
  0.959480      92.372     5.19570E-03
  0.980820      92.349     5.19130E-03
  1.002300      92.315     5.18760E-03
  1.023700      92.283     5.18380E-03
  1.045400      92.260     5.17930E-03
  1.067100      92.233     5.17510E-03
  1.088900      92.199     5.17130E-03
  1.111100      92.172     5.16700E-03
  1.133100      92.153     5.16230E-03
  1.178800      92.092     5.15360E-03
  1.200200      92.060     5.15010E-03
  1.221700      92.038     5.14560E-03
  1.243300      92.010     5.14150E-03
  1.265100      91.984     5.13720E-03
  1.287000      91.953     5.13320E-03
  1.308800      91.924     5.12920E-03
  1.330400      91.895     5.12520E-03
  1.352200      91.866     5.12110E-03
  1.374100      91.841     5.11680E-03
  1.396000      91.809     5.11290E-03
  1.417800      91.778     5.10900E-03
  1.439100      91.757     5.10480E-03
  1.460400      91.727     5.10090E-03
  1.481700      91.708     5.09640E-03
  1.503200      91.680     5.09230E-03
  1.524800      91.644     5.08870E-03
  1.546200      91.618     5.08470E-03
  1.567400      91.594     5.08050E-03
  1.588700      91.563     5.07670E-03
  1.610100      91.534     5.07280E-03
  1.631600      91.503     5.06890E-03
  1.653000      91.473     5.06510E-03
  1.674400      91.453     5.06060E-03
  1.695900      91.423     5.05670E-03
  1.717400      91.397     5.05260E-03
  1.739100      91.364     5.04880E-03
  1.785500      91.303     5.04010E-03
  1.807200      91.277     5.03600E-03
  1.829000      91.255     5.03160E-03
  1.850400      91.228     5.02760E-03
  1.871900      91.207     5.02320E-03
  1.893400      91.174     5.01950E-03
  1.915200      91.157     5.01480E-03
  1.937100      91.140     5.01000E-03
  1.958900      91.110     5.00610E-03
  1.980900      91.081     5.00200E-03
  2.002800      91.059     4.99760E-03
  2.024900      91.033     4.99330E-03
  2.046800      91.005     4.98920E-03
  2.068600      90.977     4.98520E-03
  2.090100      90.955     4.98100E-03
  2.111800      90.935     4.97640E-03
  2.133200      90.906     4.97260E-03
  2.154700      90.887     4.96810E-03
  2.201300      90.837     4.95890E-03
  2.222900      90.814     4.95470E-03
  2.244900      90.786     4.95050E-03
  2.266900      90.766     4.94600E-03
  2.288800      90.738     4.94190E-03
  2.310400      90.708     4.93810E-03
  2.332100      90.696     4.93320E-03
  2.353900      90.670     4.92910E-03
  2.375800      90.642     4.92500E-03
  2.397800      90.620     4.92060E-03
  2.419600      90.589     4.91680E-03
  2.441400      90.569     4.91230E-03
  2.463200      90.544     4.90810E-03
  2.485400      90.519     4.90380E-03
  2.507600      90.482     4.90020E-03
  2.529900      90.460     4.89580E-03
  2.552200      90.448     4.89080E-03
  2.574300      90.433     4.88600E-03
  2.595900      90.415     4.88150E-03
  2.617600      90.394     4.87710E-03
  2.639300      90.362     4.87340E-03
  2.661300      90.327     4.86970E-03
  2.683400      90.316     4.86470E-03
  2.705300      90.286     4.86080E-03
  2.727400      90.272     4.85600E-03
  2.749300      90.250     4.85160E-03
  2.771300      90.228     4.84730E-03
  2.818800      90.191     4.83710E-03
  2.841300      90.170     4.83260E-03
  2.863800      90.153     4.82790E-03
  2.886400      90.127     4.82360E-03
  2.908800      90.098     4.81960E-03
  2.931100      90.077     4.81520E-03
  2.953200      90.061     4.81050E-03
  2.975200      90.043     4.80590E-03
  2.997400      90.025     4.80130E-03
  3.019400      90.008     4.79670E-03
  3.041500      89.984     4.79240E-03
  3.063300      89.972     4.78770E-03
  3.085300      89.952     4.78320E-03
  3.107400      89.944     4.77800E-03
  3.129600      89.932     4.77310E-03
  3.151600      89.916     4.76840E-03
  3.173700      89.903     4.76360E-03
  3.195700      89.874     4.75970E-03
  3.243800      89.827     4.75000E-03
  3.266400      89.805     4.74570E-03
  3.289000      89.774     4.74170E-03
  3.311500      89.746     4.73780E-03
  3.333900      89.722     4.73350E-03
  3.356600      89.699     4.72910E-03
  3.379100      89.658     4.72570E-03
  3.401500      89.660     4.72020E-03
  3.424100      89.636     4.71570E-03
  3.446600      89.614     4.71140E-03
  3.469100      89.583     4.70750E-03
  3.491400      89.564     4.70310E-03
  3.513900      89.545     4.69850E-03
  3.536500      89.520     4.69420E-03
  3.558900      89.494     4.69010E-03
  3.581200      89.470     4.68600E-03
  3.603300      89.444     4.68190E-03
  3.625900      89.409     4.67810E-03
  3.648600      89.391     4.67360E-03
  3.671200      89.364     4.66940E-03
  3.693800      89.352     4.66460E-03
  3.716300      89.324     4.66050E-03
  3.738900      89.307     4.65590E-03
  3.761500      89.275     4.65210E-03
  3.784300      89.252     4.64770E-03
  3.806700      89.228     4.64350E-03
  3.829100      89.199     4.63960E-03
  3.878100      89.138     4.63070E-03
  3.900500      89.112     4.62680E-03
  3.923100      89.089     4.62250E-03
  3.945000      89.067     4.61840E-03
  3.967500      89.040     4.61430E-03
  3.990000      89.015     4.61010E-03
  4.012500      89.003     4.60530E-03
  4.035200      88.980     4.60090E-03
  4.057700      88.952     4.59690E-03
  4.080800      88.935     4.59220E-03
  4.103900      88.915     4.58770E-03
  4.126800      88.897     4.58310E-03
  4.149400      88.875     4.57880E-03
  4.171900      88.853     4.57460E-03
  4.194400      88.824     4.57060E-03
  4.217500      88.804     4.56600E-03
  4.240500      88.793     4.56100E-03
  4.263800      88.765     4.55680E-03
  4.312900      88.714     4.54760E-03
  4.335500      88.693     4.54340E-03
  4.358000      88.670     4.53920E-03
  4.380700      88.659     4.53430E-03
  4.403600      88.620     4.53080E-03
  4.426500      88.608     4.52590E-03
  4.449500      88.584     4.52160E-03
  4.471900      88.567     4.51730E-03
  4.494700      88.560     4.51210E-03
  4.517400      88.545     4.50740E-03
  4.540300      88.522     4.50300E-03
  4.563300      88.499     4.49870E-03
  4.586100      88.482     4.49420E-03
  4.608700      88.470     4.48940E-03
  4.631500      88.452     4.48490E-03
  4.654100      88.441     4.48010E-03
  4.676800      88.402     4.47670E-03
  4.699500      88.374     4.47280E-03
  4.722000      88.361     4.46820E-03
  4.744700      88.327     4.46450E-03
  4.767700      88.310     4.45990E-03
  4.790800      88.292     4.45530E-03
  4.813700      88.278     4.45060E-03
  4.836900      88.258     4.44610E-03
  4.860100      88.232     4.44200E-03
  4.883300      88.206     4.43780E-03
  4.906300      88.187     4.43340E-03
  4.955700      88.147     4.42370E-03
  4.978500      88.134     4.41910E-03
  5.001600      88.118     4.41430E-03
  5.024700      88.103     4.40970E-03
  5.047200      88.063     4.40650E-03
  5.069700      88.054     4.40170E-03
  5.092500      88.036     4.39720E-03
  5.115600      88.012     4.39300E-03
  5.138900      87.984     4.38890E-03
  5.162000      87.962     4.38470E-03
  5.185200      87.937     4.38050E-03
  5.208800      87.913     4.37620E-03
  5.232300      87.893     4.37170E-03
  5.255900      87.864     4.36760E-03
  5.279300      87.841     4.36340E-03
  5.302600      87.818     4.35920E-03
  5.325800      87.777     4.35590E-03
  5.348600      87.762     4.35150E-03
  5.399000      87.722     4.34160E-03
  5.422400      87.719     4.33640E-03
  5.446100      87.688     4.33230E-03
  5.469300      87.656     4.32870E-03
  5.492500      87.632     4.32460E-03
  5.515500      87.613     4.32020E-03
  5.538700      87.600     4.31550E-03
  5.561900      87.590     4.31060E-03
  5.585400      87.575     4.30580E-03
  5.608900      87.555     4.30140E-03
  5.632200      87.540     4.29680E-03
  5.655700      87.513     4.29270E-03
  5.679000      87.483     4.28890E-03
  5.703000      87.460     4.28440E-03
  5.727100      87.426     4.28060E-03
  5.751000      87.406     4.27610E-03
  5.774800      87.376     4.27220E-03
  5.798600      87.353     4.26790E-03
  5.822200      87.328     4.26380E-03
  5.845700      87.316     4.25900E-03
  5.869300      87.307     4.25400E-03
  5.892600      87.290     4.24960E-03
  5.916200      87.270     4.24510E-03
  5.940000      87.242     4.24100E-03
  5.963800      87.216     4.23690E-03
  5.987600      87.196     4.23250E-03
  6.011300      87.183     4.22780E-03
  6.062700      87.151     4.21760E-03
  6.086300      87.131     4.21330E-03
  6.110100      87.102     4.20930E-03
  6.134100      87.084     4.20470E-03
  6.157500      87.065     4.20040E-03
  6.181200      87.046     4.19590E-03
  6.204900      87.023     4.19170E-03
  6.229200      86.993     4.18760E-03
  6.253300      86.962     4.18380E-03
  6.277600      86.939     4.17940E-03
  6.301600      86.918     4.17510E-03
  6.325200      86.887     4.17140E-03
  6.348900      86.859     4.16740E-03
  6.372400      86.833     4.16350E-03
  6.396500      86.791     4.16010E-03
  6.420400      86.765     4.15610E-03
  6.444500      86.742     4.15180E-03
  6.468500      86.705     4.14820E-03
  6.519300      86.646     4.13970E-03
  6.543100      86.628     4.13530E-03
  6.567000      86.611     4.13080E-03
  6.591100      86.601     4.12590E-03
  6.614900      86.609     4.12020E-03
  6.638800      86.582     4.11610E-03
  6.662600      86.567     4.11150E-03
  6.686500      86.544     4.10730E-03
  6.710200      86.505     4.10400E-03
  6.734100      86.502     4.09880E-03
  6.758300      86.481     4.09440E-03
  6.783000      86.460     4.08980E-03
  6.807700      86.439     4.08530E-03
  6.831900      86.422     4.08090E-03
  6.856100      86.398     4.07670E-03
  6.879900      86.367     4.07300E-03
  6.903800      86.337     4.06920E-03
  6.927900      86.311     4.06510E-03
  6.952200      86.288     4.06090E-03
  6.976400      86.258     4.05700E-03
  7.000500      86.230     4.05300E-03
  7.024900      86.210     4.04860E-03
  7.049500      86.185     4.04440E-03
  7.073700      86.163     4.04020E-03
  7.097800      86.133     4.03640E-03
  7.121900      86.106     4.03240E-03
  7.146200      86.071     4.02870E-03
  7.199300      86.019     4.01960E-03
  7.223500      85.992     4.01570E-03
  7.247900      85.965     4.01160E-03
  7.272200      85.947     4.00720E-03
  7.296700      85.938     4.00220E-03
  7.320800      85.906     3.99850E-03
  7.345000      85.882     3.99440E-03
  7.369300      85.859     3.99020E-03
  7.394300      85.828     3.98610E-03
  7.418900      85.806     3.98190E-03
  7.443600      85.798     3.97690E-03
  7.467700      85.813     3.97100E-03
  7.491800      85.802     3.96620E-03
  7.516000      85.771     3.96240E-03
  7.540600      85.729     3.95900E-03
  7.565400      85.691     3.95550E-03
  7.590200      85.690     3.95020E-03
  7.614800      85.701     3.94440E-03
  7.668400      85.651     3.93520E-03
  7.692500      85.602     3.93240E-03
  7.717100      85.566     3.92870E-03
  7.741900      85.590     3.92230E-03
  7.766600      85.568     3.91790E-03
  7.791600      85.546     3.91350E-03
  7.816600      85.532     3.90890E-03
  7.841500      85.516     3.90430E-03
  7.866100      85.491     3.90020E-03
  7.890400      85.470     3.89610E-03
  7.914600      85.460     3.89140E-03
  7.938900      85.446     3.88680E-03
  7.963300      85.414     3.88310E-03
  7.987700      85.391     3.87900E-03
  8.012100      85.373     3.87460E-03
  8.036700      85.361     3.87000E-03
  8.061400      85.346     3.86540E-03
  8.086500      85.317     3.86130E-03
  8.111800      85.287     3.85740E-03
  8.137000      85.262     3.85330E-03
  8.161500      85.238     3.84930E-03
  8.186000      85.224     3.84490E-03
  8.210500      85.205     3.84050E-03
  8.235500      85.172     3.83670E-03
  8.260500      85.149     3.83250E-03
  8.285200      85.128     3.82830E-03
  8.309600      85.109     3.82410E-03
  8.362200      85.087     3.81400E-03
  8.386800      85.048     3.81060E-03
  8.411200      85.039     3.80600E-03
  8.435500      85.027     3.80150E-03
  8.460100      84.997     3.79760E-03
  8.485000      84.971     3.79360E-03
  8.509800      84.956     3.78910E-03
  8.534800      84.936     3.78480E-03
  8.559700      84.907     3.78090E-03
  8.584900      84.880     3.77690E-03
  8.610000      84.854     3.77290E-03
  8.634700      84.844     3.76830E-03
  8.659200      84.822     3.76420E-03
  8.683400      84.805     3.76000E-03
  8.708100      84.786     3.75570E-03
  8.732900      84.763     3.75160E-03
  8.758000      84.741     3.74730E-03
  8.783000      84.733     3.74260E-03
  8.837800      84.688     3.73310E-03
  8.863500      84.668     3.72870E-03
  8.889100      84.650     3.72430E-03
  8.914600      84.631     3.71990E-03
  8.939700      84.603     3.71610E-03
  8.964700      84.578     3.71220E-03
  8.989500      84.558     3.70800E-03
  9.014100      84.541     3.70380E-03
  9.039000      84.526     3.69930E-03
  9.064100      84.509     3.69490E-03
  9.089200      84.481     3.69100E-03
  9.114300      84.445     3.68750E-03
  9.139200      84.419     3.68370E-03
  9.164400      84.400     3.67940E-03
  9.189200      84.374     3.67550E-03
  9.214000      84.346     3.67180E-03
  9.238500      84.317     3.66810E-03
  9.263400      84.312     3.66320E-03
  9.288400      84.312     3.65810E-03
  9.313700      84.295     3.65370E-03
  9.339000      84.313     3.64770E-03
  9.364300      84.296     3.64330E-03
  9.390100      84.300     3.63780E-03
  9.415600      84.288     3.63320E-03
  9.441100      84.252     3.62960E-03
  9.466800      84.210     3.62630E-03
  9.492600      84.171     3.62290E-03
  9.547500      84.161     3.61240E-03
  9.573000      84.139     3.60820E-03
  9.598600      84.099     3.60480E-03
  9.624200      84.107     3.59940E-03
  9.650100      84.098     3.59450E-03
  9.675800      84.096     3.58950E-03
  9.701900      84.068     3.58540E-03
  9.728200      84.038     3.58140E-03
  9.753700      84.021     3.57730E-03
  9.779100      84.011     3.57270E-03
  9.804600      83.995     3.56830E-03
  9.830300      83.968     3.56440E-03
  9.856100      83.941     3.56040E-03
  9.881600      83.925     3.55610E-03
  9.906700      83.907     3.55200E-03
  9.932100      83.872     3.54840E-03
  9.957900      83.857     3.54400E-03
  9.983900      83.834     3.53980E-03
 10.038700      83.772     3.53180E-03
 10.064400      83.747     3.52780E-03
 10.090200      83.725     3.52370E-03
 10.116100      83.712     3.51920E-03
 10.141500      83.709     3.51440E-03
 10.166500      83.704     3.50980E-03
 10.191500      83.674     3.50610E-03
 10.217000      83.634     3.50280E-03
 10.242600      83.632     3.49790E-03
 10.268400      83.592     3.49450E-03
 10.294300      83.593     3.48950E-03
 10.320200      83.587     3.48470E-03
 10.346000      83.543     3.48150E-03
 10.371700      83.507     3.47810E-03
 10.397700      83.492     3.47370E-03
 10.423700      83.501     3.46830E-03
 10.449900      83.511     3.46270E-03
 10.475700      83.491     3.45860E-03
 10.501400      83.453     3.45520E-03
 10.527200      83.435     3.45110E-03
 10.553000      83.426     3.44640E-03
 10.579000      83.382     3.44330E-03
 10.604900      83.389     3.43800E-03
 10.630900      83.380     3.43340E-03
 10.657000      83.364     3.42890E-03
 10.683200      83.350     3.42450E-03
 10.709400      83.339     3.41990E-03
 10.764700      83.263     3.41260E-03
 10.790000      83.232     3.40930E-03
 10.815300      83.220     3.40490E-03
 10.841100      83.202     3.40070E-03
 10.867400      83.195     3.39590E-03
 10.893500      83.184     3.39140E-03
 10.919500      83.137     3.38850E-03
 10.945300      83.109     3.38480E-03
 10.971700      83.076     3.38110E-03
 10.998100      83.050     3.37730E-03
 11.024400      83.034     3.37300E-03
 11.050300      83.013     3.36900E-03
 11.076100      82.995     3.36490E-03
 11.102400      82.980     3.36050E-03
 11.128500      82.949     3.35690E-03
 11.155000      82.926     3.35280E-03
 11.181100      82.906     3.34880E-03
 11.207300      82.873     3.34530E-03
 11.263400      82.820     3.33680E-03
 11.290500      82.803     3.33230E-03
 11.317500      82.790     3.32790E-03
 11.344100      82.779     3.32340E-03
 11.370500      82.763     3.31910E-03
 11.396500      82.738     3.31540E-03
 11.422900      82.713     3.31140E-03
 11.449100      82.691     3.30750E-03
 11.475700      82.662     3.30370E-03
 11.502600      82.639     3.29960E-03
 11.529400      82.596     3.29640E-03
 11.556200      82.594     3.29160E-03
 11.582700      82.576     3.28740E-03
 11.609000      82.556     3.28340E-03
 11.635400      82.531     3.27950E-03
 11.661900      82.510     3.27550E-03
 11.688400      82.509     3.27060E-03
 11.715000      82.506     3.26580E-03
 11.741900      82.495     3.26120E-03
 11.769400      82.491     3.25620E-03
 11.796900      82.479     3.25160E-03
 11.824600      82.452     3.24760E-03
 11.851800      82.428     3.24370E-03
 11.878600      82.434     3.23860E-03
 11.905100      82.420     3.23430E-03
 11.931500      82.420     3.22950E-03
 11.958100      82.422     3.22450E-03
 12.015900      82.383     3.21540E-03
 12.043000      82.359     3.21150E-03
 12.069700      82.329     3.20790E-03
 12.095900      82.291     3.20480E-03
 12.122000      82.261     3.20130E-03
 12.148200      82.246     3.19720E-03
 12.174900      82.224     3.19320E-03
 12.201400      82.233     3.18810E-03
 12.228300      82.219     3.18360E-03
 12.255600      82.208     3.17910E-03
 12.282800      82.181     3.17540E-03
 12.309400      82.161     3.17150E-03
 12.335500      82.143     3.16760E-03
 12.362100      82.117     3.16380E-03
 12.388800      82.084     3.16030E-03
 12.415600      82.031     3.15760E-03
 12.442600      81.971     3.15520E-03
 12.469700      81.944     3.15150E-03
 12.528000      81.907     3.14240E-03
 12.555000      81.885     3.13850E-03
 12.582700      81.872     3.13400E-03
 12.610300      81.842     3.13030E-03
 12.638200      81.833     3.12560E-03
 12.665800      81.807     3.12180E-03
 12.693300      81.787     3.11780E-03
 12.720900      81.778     3.11320E-03
 12.748400      81.774     3.10850E-03
 12.776000      81.763     3.10400E-03
 12.803200      81.742     3.10010E-03
 12.830100      81.714     3.09650E-03
 12.857400      81.688     3.09270E-03
 12.885200      81.675     3.08820E-03
 12.913200      81.645     3.08440E-03
 12.941000      81.636     3.08000E-03
 12.968000      81.626     3.07580E-03
 12.995300      81.605     3.07170E-03
 13.022600      81.581     3.06790E-03
 13.050000      81.557     3.06400E-03
 13.077100      81.540     3.06000E-03
 13.104100      81.525     3.05600E-03
 13.131600      81.507     3.05180E-03
 13.159300      81.498     3.04720E-03
 13.187200      81.476     3.04320E-03
 13.215200      81.443     3.03960E-03
 13.243300      81.398     3.03650E-03
 13.314400      81.368     3.02550E-03
 13.354200      81.346     3.01950E-03
 13.381000      81.320     3.01590E-03
 13.408300      81.304     3.01170E-03
 13.435600      81.300     3.00720E-03
 13.463200      81.291     3.00270E-03
 13.491000      81.273     2.99860E-03
 13.518600      81.255     2.99450E-03
 13.546400      81.229     2.99090E-03
 13.573900      81.215     2.98670E-03
 13.601800      81.183     2.98320E-03
 13.630000      81.154     2.97940E-03
 13.658100      81.124     2.97580E-03
 13.686100      81.110     2.97160E-03
 13.713700      81.099     2.96740E-03
 13.741300      81.083     2.96330E-03
 13.768800      81.067     2.95920E-03
 13.829000      81.034     2.95010E-03
 13.857000      81.024     2.94580E-03
 13.884800      81.021     2.94130E-03
 13.912700      81.020     2.93660E-03
 13.940600      81.002     2.93260E-03
 13.968900      80.989     2.92820E-03
 13.997100      80.969     2.92420E-03
 14.025200      80.939     2.92070E-03
 14.053500      80.919     2.91670E-03
 14.082100      80.887     2.91300E-03
 14.110400      80.859     2.90940E-03
 14.139100      80.836     2.90550E-03
 14.167700      80.813     2.90150E-03
 14.196100      80.793     2.89760E-03
 14.224300      80.767     2.89390E-03
 14.252300      80.740     2.89030E-03
 14.280400      80.716     2.88650E-03
 14.308700      80.694     2.88260E-03
 14.336700      80.688     2.87820E-03
 14.364900      80.679     2.87390E-03
 14.393500      80.664     2.86970E-03
 14.422100      80.642     2.86570E-03
 14.450600      80.625     2.86170E-03
 14.479000      80.614     2.85740E-03
 14.507500      80.597     2.85340E-03
 14.535900      80.573     2.84960E-03
 14.564300      80.548     2.84590E-03
 14.625600      80.487     2.83800E-03
 14.654300      80.494     2.83310E-03
 14.683300      80.472     2.82910E-03
 14.712500      80.438     2.82550E-03
 14.741600      80.417     2.82160E-03
 14.770500      80.404     2.81740E-03
 14.799400      80.380     2.81360E-03
 14.828300      80.348     2.81010E-03
 14.857000      80.326     2.80620E-03
 14.885600      80.311     2.80230E-03
 14.914300      80.263     2.79930E-03
 14.943100      80.239     2.79560E-03
 14.972100      80.222     2.79150E-03
 15.001100      80.192     2.78790E-03
 15.030100      80.185     2.78350E-03
 15.059100      80.180     2.77900E-03
 15.088100      80.161     2.77510E-03
 15.116800      80.135     2.77140E-03
 15.179300      80.086     2.76310E-03
 15.208200      80.064     2.75930E-03
 15.237200      80.051     2.75510E-03
 15.266300      80.043     2.75080E-03
 15.295300      80.025     2.74680E-03
 15.324500      80.002     2.74290E-03
 15.353900      79.990     2.73870E-03
 15.383200      79.972     2.73470E-03
 15.412600      79.923     2.73170E-03
 15.441700      79.922     2.72730E-03
 15.470700      79.897     2.72350E-03
 15.500000      79.870     2.71990E-03
 15.529800      79.847     2.71590E-03
 15.559700      79.828     2.71190E-03
 15.589500      79.801     2.70810E-03
 15.618600      79.777     2.70450E-03
 15.647600      79.766     2.70040E-03
 15.676700      79.748     2.69650E-03
 15.706200      79.741     2.69200E-03
 15.736100      79.721     2.68800E-03
 15.765900      79.713     2.68360E-03
 15.795400      79.690     2.67990E-03
 15.824700      79.681     2.67570E-03
 15.853800      79.678     2.67130E-03
 15.883400      79.668     2.66700E-03
 15.913200      79.644     2.66310E-03
 15.943200      79.619     2.65940E-03
 16.007100      79.594     2.65050E-03
 16.036400      79.571     2.64680E-03
 16.065900      79.551     2.64290E-03
 16.095800      79.525     2.63920E-03
 16.126100      79.500     2.63530E-03
 16.156900      79.479     2.63130E-03
 16.187100      79.468     2.62710E-03
 16.217100      79.450     2.62320E-03
 16.246800      79.429     2.61940E-03
 16.277300      79.412     2.61520E-03
 16.307700      79.402     2.61100E-03
 16.338000      79.380     2.60710E-03
 16.368100      79.344     2.60380E-03
 16.398600      79.319     2.60000E-03
 16.429200      79.301     2.59600E-03
 16.459700      79.278     2.59220E-03
 16.489200      79.246     2.58900E-03
 16.518500      79.227     2.58520E-03
 16.582700      79.194     2.57660E-03
 16.613000      79.167     2.57280E-03
 16.643700      79.140     2.56910E-03
 16.674100      79.120     2.56520E-03
 16.704300      79.098     2.56160E-03
 16.734300      79.079     2.55770E-03
 16.764000      79.063     2.55390E-03
 16.794200      79.039     2.55010E-03
 16.824500      79.016     2.54630E-03
 16.854900      79.009     2.54210E-03
 16.885400      78.995     2.53800E-03
 16.915400      78.991     2.53380E-03
 16.945500      78.985     2.52950E-03
 16.975700      78.967     2.52560E-03
 17.006000      78.959     2.52140E-03
 17.036800      78.936     2.51750E-03
 17.067200      78.913     2.51390E-03
 17.097700      78.894     2.51000E-03
 17.127500      78.870     2.50650E-03
 17.157500      78.845     2.50290E-03
 17.188100      78.832     2.49880E-03
 17.218800      78.817     2.49480E-03
 17.249600      78.800     2.49080E-03
 17.280100      78.781     2.48700E-03
 17.310400      78.760     2.48330E-03
 17.340800      78.752     2.47920E-03
 17.371100      78.727     2.47560E-03
 17.436600      78.676     2.46790E-03
 17.466500      78.653     2.46430E-03
 17.496900      78.630     2.46060E-03
 17.528400      78.606     2.45670E-03
 17.560200      78.579     2.45290E-03
 17.591900      78.559     2.44910E-03
 17.622700      78.546     2.44520E-03
 17.653300      78.511     2.44190E-03
 17.684100      78.500     2.43790E-03
 17.715200      78.479     2.43400E-03
 17.746100      78.457     2.43040E-03
 17.777100      78.438     2.42660E-03
 17.808300      78.425     2.42250E-03
 17.839900      78.416     2.41820E-03
 17.871000      78.397     2.41450E-03
 17.901700      78.373     2.41100E-03
 17.932300      78.362     2.40700E-03
 17.963300      78.317     2.40400E-03
 18.031100      78.266     2.39590E-03
 18.062800      78.251     2.39190E-03
 18.094700      78.218     2.38850E-03
 18.126600      78.202     2.38450E-03
 18.157900      78.186     2.38070E-03
 18.189300      78.170     2.37680E-03
 18.220700      78.141     2.37330E-03
 18.251900      78.104     2.37020E-03
 18.283300      78.079     2.36660E-03
 18.314200      78.063     2.36290E-03
 18.345100      78.048     2.35900E-03
 18.376000      78.034     2.35520E-03
 18.407300      78.008     2.35160E-03
 18.439000      77.985     2.34790E-03
 18.470500      77.965     2.34420E-03
 18.502600      77.948     2.34020E-03
 18.534100      77.924     2.33670E-03
 18.565500      77.893     2.33330E-03
 18.596700      77.872     2.32970E-03
 18.628300      77.849     2.32590E-03
 18.660700      77.818     2.32230E-03
 18.693400      77.794     2.31850E-03
 18.725700      77.763     2.31520E-03
 18.757800      77.754     2.31110E-03
 18.790000      77.748     2.30690E-03
 18.822200      77.759     2.30210E-03
 18.854200      77.740     2.29840E-03
 18.922400      77.676     2.29120E-03
 18.953800      77.642     2.28800E-03
 18.985500      77.616     2.28450E-03
 19.017400      77.591     2.28090E-03
 19.049300      77.563     2.27750E-03
 19.080800      77.541     2.27400E-03
 19.112900      77.534     2.26980E-03
 19.145100      77.529     2.26550E-03
 19.177000      77.521     2.26160E-03
 19.208600      77.472     2.25880E-03
 19.239300      77.467     2.25500E-03
 19.270300      77.452     2.25130E-03
 19.302000      77.448     2.24710E-03
 19.334100      77.428     2.24330E-03
 19.366800      77.420     2.23910E-03
 19.399100      77.414     2.23510E-03
 19.431200      77.389     2.23160E-03
 19.462800      77.366     2.22820E-03
 19.530900      77.345     2.21980E-03
 19.562700      77.336     2.21580E-03
 19.594500      77.303     2.21260E-03
 19.626300      77.285     2.20900E-03
 19.658500      77.267     2.20530E-03
 19.691300      77.245     2.20150E-03
 19.724200      77.229     2.19770E-03
 19.757200      77.205     2.19410E-03
 19.789700      77.192     2.19030E-03
 19.822100      77.188     2.18620E-03
 19.854700      77.179     2.18230E-03
 19.887600      77.163     2.17840E-03
 19.921200      77.155     2.17420E-03
 19.954600      77.143     2.17020E-03
 19.987500      77.137     2.16620E-03
 20.019900      77.117     2.16270E-03
 20.052100      77.099     2.15910E-03
 20.085100      77.085     2.15520E-03
 20.118400      77.057     2.15160E-03
 20.151800      77.035     2.14800E-03
 20.185000      77.020     2.14420E-03
 20.217800      76.995     2.14080E-03
 20.250300      76.961     2.13770E-03
 20.282200      76.943     2.13420E-03
 20.315000      76.928     2.13040E-03
 20.348000      76.889     2.12730E-03
 20.381200      76.866     2.12370E-03
 20.453000      76.812     2.11630E-03
 20.485600      76.804     2.11250E-03
 20.518700      76.773     2.10910E-03
 20.551200      76.736     2.10610E-03
 20.583800      76.711     2.10270E-03
 20.616500      76.704     2.09890E-03
 20.649300      76.698     2.09490E-03
 20.682800      76.684     2.09100E-03
 20.716100      76.666     2.08740E-03
 20.750000      76.642     2.08370E-03
 20.784100      76.635     2.07960E-03
 20.818100      76.607     2.07620E-03
 20.851900      76.602     2.07220E-03
 20.885400      76.595     2.06830E-03
 20.918800      76.576     2.06470E-03
 20.952100      76.557     2.06110E-03
 20.985000      76.546     2.05740E-03
 21.018000      76.544     2.05350E-03
 21.090000      76.527     2.04500E-03
 21.124300      76.523     2.04080E-03
 21.158400      76.522     2.03670E-03
 21.192700      76.498     2.03310E-03
 21.226300      76.460     2.03020E-03
 21.259700      76.440     2.02670E-03
 21.293200      76.433     2.02290E-03
 21.326700      76.403     2.01960E-03
 21.360600      76.374     2.01620E-03
 21.395400      76.352     2.01250E-03
 21.430100      76.326     2.00910E-03
 21.464000      76.301     2.00580E-03
 21.497400      76.280     2.00250E-03
 21.530600      76.256     1.99920E-03
 21.564600      76.233     1.99560E-03
 21.599000      76.213     1.99200E-03
 21.633500      76.193     1.98840E-03
 21.667900      76.168     1.98500E-03
 21.701500      76.152     1.98150E-03
 21.735200      76.127     1.97810E-03
 21.769100      76.103     1.97470E-03
 21.803800      76.075     1.97120E-03
 21.838600      76.049     1.96780E-03
 21.872800      76.021     1.96460E-03
 21.907000      75.993     1.96130E-03
 21.941400      75.971     1.95790E-03
 21.976300      75.931     1.95470E-03
 22.050900      75.899     1.94700E-03
 22.085300      75.889     1.94320E-03
 22.120100      75.869     1.93960E-03
 22.155900      75.853     1.93570E-03
 22.191900      75.862     1.93130E-03
 22.226800      75.831     1.92820E-03
 22.260600      75.801     1.92520E-03
 22.293900      75.777     1.92210E-03
 22.328000      75.747     1.91880E-03
 22.363000      75.713     1.91550E-03
 22.398200      75.682     1.91220E-03
 22.432900      75.662     1.90880E-03
 22.467400      75.637     1.90550E-03
 22.501700      75.614     1.90220E-03
 22.536300      75.587     1.89890E-03
 22.571100      75.556     1.89570E-03
 22.605700      75.535     1.89230E-03
 22.640800      75.513     1.88880E-03
 22.714000      75.476     1.88150E-03
 22.748900      75.443     1.87830E-03
 22.784300      75.411     1.87510E-03
 22.819600      75.382     1.87180E-03
 22.855000      75.359     1.86840E-03
 22.889900      75.354     1.86460E-03
 22.925000      75.329     1.86130E-03
 22.959800      75.306     1.85800E-03
 22.995300      75.310     1.85380E-03
 23.030400      75.301     1.85020E-03
 23.066100      75.308     1.84600E-03
 23.101500      75.306     1.84210E-03
 23.136600      75.298     1.83840E-03
 23.172100      75.304     1.83420E-03
 23.208700      75.304     1.83010E-03
 23.245300      75.296     1.82620E-03
 23.281700      75.301     1.82210E-03
 23.316500      75.294     1.81860E-03
 23.350900      75.283     1.81510E-03
 23.385500      75.257     1.81190E-03
 23.421100      75.233     1.80850E-03
 23.457200      75.209     1.80510E-03
 23.493100      75.180     1.80190E-03
 23.528200      75.153     1.79890E-03
 23.563200      75.132     1.79560E-03
 23.598400      75.125     1.79190E-03
 23.634300      75.118     1.78810E-03
 23.711100      75.075     1.78100E-03
 23.746400      75.055     1.77760E-03
 23.782100      75.045     1.77400E-03
 23.818500      75.016     1.77070E-03
 23.854500      74.987     1.76760E-03
 23.890500      74.956     1.76450E-03
 23.926700      74.964     1.76040E-03
 23.964100      74.952     1.75650E-03
 24.001500      74.917     1.75330E-03
 24.038100      74.901     1.75000E-03
 24.074800      74.882     1.74650E-03
 24.111700      74.849     1.74340E-03
 24.149300      74.823     1.73990E-03
 24.186500      74.813     1.73630E-03
 24.223300      74.802     1.73270E-03
 24.259300      74.786     1.72950E-03
 24.296200      74.768     1.72590E-03
 24.333200      74.740     1.72260E-03
 24.411600      74.720     1.71500E-03
 24.448600      74.709     1.71130E-03
 24.486000      74.683     1.70800E-03
 24.523400      74.656     1.70470E-03
 24.560300      74.628     1.70160E-03
 24.596900      74.605     1.69840E-03
 24.633300      74.589     1.69510E-03
 24.670100      74.557     1.69200E-03
 24.706900      74.537     1.68860E-03
 24.744000      74.508     1.68550E-03
 24.782100      74.485     1.68200E-03
 24.819400      74.462     1.67880E-03
 24.856300      74.418     1.67610E-03
 24.892500      74.393     1.67310E-03
 24.928600      74.371     1.66990E-03
 24.965900      74.348     1.66650E-03
 25.003400      74.332     1.66300E-03
 25.041100      74.321     1.65950E-03
 25.077600      74.303     1.65630E-03
 25.113800      74.281     1.65310E-03
 25.150600      74.254     1.65000E-03
 25.188600      74.256     1.64600E-03
 25.226800      74.245     1.64230E-03
 25.265100      74.214     1.63920E-03
 25.302400      74.187     1.63620E-03
 25.339500      74.154     1.63320E-03
 25.376600      74.131     1.63010E-03
 25.478000      74.068     1.62140E-03
 25.553100      74.032     1.61470E-03
 25.628700      73.998     1.60800E-03
 25.704700      73.960     1.60130E-03
 25.781500      73.931     1.59440E-03
 25.820000      73.920     1.59090E-03
 25.897500      73.918     1.58340E-03
 25.975400      73.888     1.57640E-03
 26.052700      73.837     1.57010E-03
 26.110000      73.808     1.56530E-03
 26.190800      73.745     1.55900E-03
 26.229300      73.695     1.55620E-03
 26.268000      73.703     1.55240E-03
 26.307500      73.717     1.54820E-03
 26.346600      73.715     1.54460E-03
 26.385900      73.706     1.54100E-03
 26.424700      73.693     1.53770E-03
 26.463600      73.672     1.53450E-03
 26.503000      73.646     1.53120E-03
 26.542900      73.622     1.52790E-03
 26.583100      73.609     1.52450E-03
 26.622600      73.596     1.52110E-03
 26.662000      73.567     1.51800E-03
 26.701200      73.561     1.51460E-03
 26.740300      73.539     1.51140E-03
 26.779500      73.507     1.50840E-03
 26.818700      73.471     1.50550E-03
 26.858600      73.450     1.50220E-03
 26.898200      73.440     1.49870E-03
 26.938000      73.428     1.49530E-03
 26.977900      73.416     1.49190E-03
 27.017500      73.423     1.48810E-03
 27.057300      73.418     1.48460E-03
 27.097200      73.395     1.48140E-03
 27.137500      73.375     1.47810E-03
 27.177800      73.375     1.47440E-03
 27.217200      73.375     1.47090E-03
 27.302600      73.343     1.46400E-03
 27.341600      73.330     1.46070E-03
 27.381000      73.296     1.45780E-03
 27.420400      73.271     1.45480E-03
 27.460000      73.264     1.45140E-03
 27.500400      73.256     1.44780E-03
 27.539800      73.248     1.44460E-03
 27.579600      73.212     1.44170E-03
 27.619100      73.196     1.43860E-03
 27.659500      73.189     1.43500E-03
 27.700100      73.162     1.43190E-03
 27.739900      73.136     1.42900E-03
 27.779100      73.127     1.42590E-03
 27.818500      73.128     1.42240E-03
 27.858900      73.107     1.41910E-03
 27.899900      73.093     1.41570E-03
 27.941200      73.085     1.41220E-03
 27.982100      73.055     1.40930E-03
 28.068000      73.021     1.40260E-03
 28.107900      72.998     1.39960E-03
 28.147700      73.009     1.39600E-03
 28.188400      73.008     1.39240E-03
 28.229500      72.990     1.38920E-03
 28.271100      72.939     1.38650E-03
 28.312300      72.906     1.38370E-03
 28.353800      72.893     1.38040E-03
 28.394700      72.902     1.37680E-03
 28.435700      72.895     1.37340E-03
 28.476900      72.858     1.37060E-03
 28.518300      72.821     1.36780E-03
 28.559700      72.794     1.36480E-03
 28.601000      72.775     1.36170E-03
 28.641900      72.755     1.35870E-03
 28.683200      72.733     1.35560E-03
 28.724700      72.712     1.35250E-03
 28.766700      72.700     1.34920E-03
 28.808800      72.738     1.34490E-03
 28.851000      72.755     1.34110E-03
 28.893100      72.753     1.33760E-03
 28.934800      72.732     1.33460E-03
 28.976300      72.706     1.33170E-03
 29.018000      72.697     1.32840E-03
 29.059200      72.688     1.32530E-03
 29.101000      72.686     1.32180E-03
 29.142600      72.677     1.31860E-03
 29.232800      72.647     1.31170E-03
 29.274700      72.625     1.30870E-03
 29.316500      72.617     1.30550E-03
 29.358000      72.607     1.30230E-03
 29.399800      72.581     1.29940E-03
 29.442000      72.559     1.29640E-03
 29.484400      72.532     1.29350E-03
 29.527400      72.490     1.29070E-03
 29.570600      72.456     1.28780E-03
 29.614000      72.439     1.28470E-03
 29.657100      72.432     1.28140E-03
 29.699900      72.412     1.27840E-03
 29.742200      72.378     1.27570E-03
 29.784700      72.362     1.27260E-03
 29.826800      72.342     1.26970E-03
 29.869400      72.317     1.26680E-03
 29.912100      72.295     1.26380E-03
 29.955000      72.277     1.26070E-03
 30.046300      72.280     1.25350E-03
 30.089300      72.271     1.25030E-03
 30.133100      72.249     1.24720E-03
 30.177300      72.222     1.24420E-03
 30.221600      72.209     1.24100E-03
 30.265100      72.196     1.23800E-03
 30.308400      72.184     1.23480E-03
 30.351400      72.156     1.23210E-03
 30.394300      72.158     1.22880E-03
 30.438200      72.139     1.22570E-03
 30.482100      72.113     1.22280E-03
 30.526400      72.097     1.21960E-03
 30.570700      72.089     1.21640E-03
 30.614400      72.087     1.21320E-03
 30.657900      72.100     1.20970E-03
 30.701500      72.098     1.20650E-03
 30.745100      72.104     1.20310E-03
 30.789300      72.090     1.20000E-03
 30.833100      72.120     1.19620E-03
 30.877200      72.109     1.19310E-03
 30.921400      72.097     1.19000E-03
 30.965400      72.089     1.18690E-03
 31.009300      72.073     1.18390E-03
 31.052800      72.049     1.18120E-03
 31.096900      72.027     1.17830E-03
 31.141900      72.007     1.17520E-03
 31.187500      71.984     1.17220E-03
 31.283500      71.968     1.16550E-03
 31.328200      71.973     1.16220E-03
 31.372800      71.966     1.15910E-03
 31.417400      71.958     1.15600E-03
 31.461900      71.932     1.15330E-03
 31.507100      71.920     1.15020E-03
 31.552200      71.894     1.14740E-03
 31.597300      71.870     1.14450E-03
 31.642000      71.862     1.14150E-03
 31.687000      71.847     1.13850E-03
 31.731900      71.826     1.13570E-03
 31.776800      71.809     1.13280E-03
 31.821600      71.782     1.13010E-03
 31.866600      71.789     1.12680E-03
 31.912000      71.780     1.12370E-03
 31.957200      71.764     1.12080E-03
 32.002800      71.725     1.11820E-03
 32.048700      71.709     1.11520E-03
 32.146200      71.699     1.10860E-03
 32.192200      71.700     1.10540E-03
 32.238500      71.693     1.10230E-03
 32.285400      71.685     1.09910E-03
 32.332100      71.678     1.09600E-03
 32.378700      71.657     1.09320E-03
 32.424900      71.619     1.09070E-03
 32.470300      71.595     1.08800E-03
 32.516200      71.544     1.08570E-03
 32.562600      71.527     1.08280E-03
 32.609100      71.515     1.07980E-03
 32.655900      71.512     1.07670E-03
 32.702700      71.511     1.07360E-03
 32.750000      71.505     1.07040E-03
 32.796700      71.503     1.06740E-03
 32.843500      71.511     1.06410E-03
 32.890100      71.515     1.06100E-03
 32.937100      71.499     1.05810E-03
 32.984000      71.470     1.05540E-03
 33.030500      71.438     1.05290E-03
 33.077300      71.445     1.04960E-03
 33.124500      71.429     1.04680E-03
 33.171800      71.418     1.04380E-03
 33.219100      71.411     1.04080E-03
 33.266700      71.415     1.03770E-03
 33.314100      71.410     1.03470E-03
 33.361800      71.396     1.03180E-03
 33.464800      71.401     1.02510E-03
 33.512600      71.417     1.02170E-03
 33.561200      71.423     1.01850E-03
 33.609900      71.388     1.01580E-03
 33.659100      71.338     1.01340E-03
 33.707500      71.310     1.01080E-03
 33.756100      71.305     1.00780E-03
 33.803900      71.296     1.00500E-03
 33.852200      71.263     1.00240E-03
 33.900300      71.272     9.99320E-04
 33.948200      71.306     9.95850E-04
 33.996400      71.313     9.92740E-04
 34.044800      71.276     9.90220E-04
 34.093300      71.238     9.87750E-04
 34.142000      71.228     9.84880E-04
 34.190600      71.187     9.82460E-04
 34.239800      71.170     9.79630E-04
 34.288700      71.155     9.76870E-04
 34.395000      71.224     9.69420E-04
 34.444300      71.191     9.66860E-04
 34.493300      71.171     9.64190E-04
 34.542000      71.162     9.61420E-04
 34.590800      71.150     9.58620E-04
 34.639800      71.164     9.55490E-04
 34.689500      71.191     9.52090E-04
 34.738800      71.190     9.49210E-04
 34.788800      71.160     9.46560E-04
 34.838500      71.165     9.43600E-04
 34.888000      71.131     9.41160E-04
 34.937100      71.111     9.38580E-04
 34.986000      71.122     9.35580E-04
 35.035600      71.105     9.32840E-04
 35.085700      71.114     9.29750E-04
 35.136200      71.122     9.26660E-04
 35.186600      71.142     9.23490E-04
 35.236800      71.137     9.20680E-04
 35.287300      71.103     9.18200E-04
 35.338100      71.078     9.15600E-04
 35.388900      71.049     9.13070E-04
 35.439800      71.019     9.10530E-04
 35.491100      70.992     9.07940E-04
 35.542500      70.964     9.05360E-04
 35.593900      70.933     9.02880E-04
 35.644700      70.918     9.00230E-04
 35.695500      70.908     8.97520E-04
 35.803100      70.890     8.91690E-04
 35.854100      70.882     8.88930E-04
 35.904800      70.860     8.86400E-04
 35.955800      70.827     8.83980E-04
 36.006600      70.816     8.81320E-04
 36.058400      70.828     8.78210E-04
 36.111000      70.886     8.74510E-04
 36.164100      70.895     8.71440E-04
 36.216700      70.900     8.68550E-04
 36.268900      70.905     8.65690E-04
 36.320800      70.878     8.63210E-04
 36.373100      70.835     8.60890E-04
 36.425500      70.809     8.58370E-04
 36.477300      70.803     8.55730E-04
 36.529200      70.801     8.52970E-04
 36.580900      70.808     8.50140E-04
 36.633800      70.829     8.46960E-04
 36.686800      70.839     8.44010E-04
 36.801300      70.812     8.38350E-04
 36.853700      70.786     8.35950E-04
 36.906600      70.799     8.32980E-04
 36.959600      70.758     8.30700E-04
 37.013100      70.741     8.28090E-04
 37.066700      70.726     8.25460E-04
 37.119900      70.728     8.22730E-04
 37.173600      70.733     8.19860E-04
 37.227900      70.730     8.17060E-04
 37.281900      70.724     8.14380E-04
 37.335700      70.724     8.11670E-04
 37.389100      70.729     8.08940E-04
 37.443000      70.718     8.06300E-04
 37.497200      70.697     8.03770E-04
 37.552200      70.672     8.01220E-04
 37.606700      70.632     7.98980E-04
 37.661500      70.587     7.96720E-04
 37.715800      70.575     7.94230E-04
 37.770100      70.580     7.91470E-04
 37.824700      70.620     7.88290E-04
 37.879300      70.667     7.85060E-04
 37.934300      70.673     7.82250E-04
 37.989100      70.663     7.79700E-04
 38.043900      70.641     7.77270E-04
 38.098700      70.633     7.74700E-04
 38.153700      70.614     7.72220E-04
 38.209100      70.574     7.69950E-04
 38.328500      70.554     7.64380E-04
 38.384300      70.567     7.61560E-04
 38.439700      70.582     7.58800E-04
 38.495000      70.573     7.56270E-04
 38.550000      70.562     7.53830E-04
 38.605600      70.564     7.51120E-04
 38.661600      70.564     7.48470E-04
 38.717800      70.539     7.46070E-04
 38.774600      70.516     7.43610E-04
 38.830700      70.544     7.40730E-04
 38.887200      70.544     7.38060E-04
 38.943700      70.555     7.35350E-04
 39.000400      70.592     7.32320E-04
 39.057100      70.641     7.29230E-04
 39.114000      70.618     7.26850E-04
 39.171100      70.594     7.24490E-04
 39.228400      70.599     7.21830E-04
 39.285700      70.600     7.19240E-04
 39.410500      70.624     7.13540E-04
 39.467300      70.651     7.10660E-04
 39.524700      70.663     7.07950E-04
 39.582600      70.641     7.05550E-04
 39.640500      70.640     7.03030E-04
 39.698600      70.579     7.01070E-04
 39.756600      70.549     6.98840E-04
 39.814900      70.524     6.96530E-04
 39.872900      70.534     6.93930E-04
 39.931400      70.511     6.91590E-04
 39.989200      70.504     6.89230E-04
 40.047200      70.520     6.86560E-04
 40.105200      70.519     6.84090E-04
 40.164000      70.514     6.81560E-04
 40.222500      70.504     6.79200E-04
 40.281200      70.510     6.76630E-04
 40.339600      70.499     6.74290E-04
 40.398300      70.480     6.71980E-04
 40.457100      70.497     6.69340E-04
 40.516100      70.502     6.66810E-04
 40.575400      70.486     6.64460E-04
 40.635400      70.457     6.62200E-04
 40.695800      70.442     6.59820E-04
 40.756400      70.429     6.57410E-04
 40.816200      70.403     6.55280E-04
 40.876500      70.398     6.52820E-04
 40.936700      70.404     6.50320E-04
 41.066100      70.385     6.45230E-04
 41.127200      70.385     6.42710E-04
 41.188300      70.408     6.40040E-04
 41.249200      70.424     6.37490E-04
 41.309300      70.449     6.34940E-04
 41.369100      70.457     6.32520E-04
 41.429300      70.475     6.29950E-04
 41.490300      70.468     6.27550E-04
 41.551700      70.443     6.25340E-04
 41.612900      70.440     6.22950E-04
 41.674400      70.437     6.20560E-04
 41.736400      70.471     6.17820E-04
 41.798500      70.437     6.15720E-04
 41.860400      70.419     6.13520E-04
 41.922400      70.442     6.10950E-04
 41.984300      70.418     6.08800E-04
 42.046500      70.401     6.06580E-04
 42.108400      70.406     6.04220E-04
 42.245200      70.418     5.99050E-04
 42.307100      70.432     5.96590E-04
 42.369600      70.422     5.94320E-04
 42.432200      70.402     5.92140E-04
 42.495300      70.396     5.89840E-04
 42.558700      70.376     5.87650E-04
 42.623200      70.366     5.85280E-04
 42.687300      70.398     5.82720E-04
 42.751100      70.406     5.80360E-04
 42.814400      70.417     5.78040E-04
 42.877300      70.417     5.75810E-04
 42.940900      70.393     5.73670E-04
 43.004400      70.374     5.71570E-04
 43.068700      70.370     5.69250E-04
 43.132600      70.393     5.66840E-04
 43.196400      70.421     5.64360E-04
 43.260300      70.415     5.62170E-04
 43.324700      70.439     5.59680E-04
 43.390000      70.436     5.57360E-04
 43.455600      70.418     5.55190E-04
 43.521300      70.465     5.52560E-04
 43.587000      70.455     5.50380E-04
 43.652000      70.483     5.48000E-04
 43.716900      70.484     5.45780E-04
 43.781200      70.468     5.43790E-04
 43.846200      70.448     5.41680E-04
 43.912000      70.443     5.39450E-04
 44.053400      70.437     5.34690E-04
 44.120000      70.420     5.32620E-04
 44.186000      70.459     5.30190E-04
 44.252300      70.486     5.27780E-04
 44.318700      70.503     5.25490E-04
 44.385300      70.511     5.23230E-04
 44.451800      70.485     5.21290E-04
 44.518500      70.481     5.19140E-04
 44.585800      70.465     5.17050E-04
 44.653700      70.430     5.15090E-04
 44.722100      70.412     5.12990E-04
 44.791000      70.411     5.10770E-04
 44.860000      70.394     5.08700E-04
 44.928400      70.380     5.06690E-04
 44.996500      70.370     5.04650E-04
 45.064400      70.368     5.02550E-04
 45.132700      70.406     5.00120E-04
 45.201400      70.435     4.97760E-04
 45.349900      70.440     4.93110E-04
 45.419500      70.425     4.91070E-04
 45.489000      70.406     4.89110E-04
 45.557500      70.393     4.87190E-04
 45.625700      70.387     4.85210E-04
 45.694300      70.373     4.83210E-04
 45.763300      70.376     4.81090E-04
 45.833200      70.434     4.78550E-04
 45.903600      70.459     4.76260E-04
 45.974000      70.470     4.74090E-04
 46.044700      70.475     4.71940E-04
 46.115100      70.457     4.70040E-04
 46.185800      70.464     4.67920E-04
 46.256100      70.464     4.65910E-04
 46.327100      70.449     4.63920E-04
 46.398400      70.408     4.62130E-04
 46.470300      70.385     4.60180E-04
 46.541900      70.392     4.58120E-04
 46.614400      70.382     4.56080E-04
 46.686400      70.420     4.53850E-04
 46.758700      70.455     4.51590E-04
 46.830900      70.425     4.49760E-04
 46.903000      70.400     4.47940E-04
 46.976000      70.399     4.45850E-04
 47.049200      70.376     4.43970E-04
 47.123500      70.349     4.42020E-04
 47.198000      70.352     4.39950E-04
 47.354100      70.495     4.34880E-04
 47.428300      70.559     4.32450E-04
 47.502500      70.565     4.30430E-04
 47.576700      70.537     4.28650E-04
 47.650900      70.495     4.26950E-04
 47.725400      70.471     4.25110E-04
 47.800200      70.442     4.23300E-04
 47.875400      70.435     4.21360E-04
 47.950300      70.436     4.19420E-04
 48.026000      70.456     4.17290E-04
 48.101200      70.510     4.15080E-04
 48.176700      70.523     4.13040E-04
 48.252300      70.491     4.11310E-04
 48.328100      70.481     4.09430E-04
 48.404800      70.516     4.07240E-04
 48.481600      70.540     4.05160E-04
 48.558800      70.523     4.03310E-04
 48.635800      70.524     4.01410E-04
 48.799000      70.513     3.97510E-04
 48.875800      70.569     3.95250E-04
 48.953700      70.552     3.93390E-04
 49.032400      70.540     3.91490E-04
 49.112200      70.543     3.89490E-04
 49.191200      70.587     3.87410E-04
 49.270300      70.660     3.85130E-04
 49.348600      70.684     3.83200E-04
 49.427100      70.643     3.81570E-04
 49.506100      70.646     3.79680E-04
 49.585600      70.693     3.77550E-04
 49.664500      70.779     3.75310E-04
 49.743700      70.869     3.72990E-04
 49.823200      70.864     3.71190E-04
 49.903000      70.862     3.69370E-04
 49.982600      70.887     3.67460E-04
 50.062500      70.911     3.65530E-04
 50.142700      70.921     3.63670E-04
 50.223000      70.933     3.61840E-04
 50.303800      70.946     3.59950E-04
 50.384900      70.926     3.58260E-04
 50.466700      70.861     3.56750E-04
 50.548600      70.865     3.54950E-04
 50.630300      70.825     3.53380E-04
 50.712100      70.812     3.51690E-04
 50.794200      70.815     3.49890E-04
 50.876300      70.839     3.48020E-04
 51.053000      70.874     3.44070E-04
 51.135900      70.877     3.42290E-04
 51.218900      70.901     3.40430E-04
 51.301300      70.916     3.38690E-04
 51.384600      70.908     3.36960E-04
 51.469000      70.930     3.35050E-04
 51.554200      70.970     3.33090E-04
 51.638700      71.028     3.31140E-04
 51.722700      71.047     3.29400E-04
 51.807000      71.105     3.27430E-04
 51.892000      71.137     3.25550E-04
 51.977100      71.151     3.23800E-04
 52.063000      71.162     3.22010E-04
 52.149500      71.156     3.20320E-04
 52.236400      71.152     3.18620E-04
 52.323300      71.160     3.16910E-04
 52.409200      71.160     3.15330E-04
 52.495100      71.138     3.13790E-04
 52.678100      71.282     3.09710E-04
 52.764800      71.279     3.08010E-04
 52.852300      71.251     3.06460E-04
 52.940600      71.214     3.04930E-04
 53.029200      71.234     3.03200E-04
 53.118500      71.223     3.01560E-04
 53.207100      71.248     2.99890E-04
 53.296200      71.280     2.98120E-04
 53.385800      71.314     2.96330E-04
 53.475500      71.348     2.94590E-04
 53.564800      71.370     2.92930E-04
 53.653400      71.397     2.91300E-04
 53.742500      71.443     2.89520E-04
 53.832400      71.401     2.88080E-04
 53.923000      71.410     2.86430E-04
 54.013400      71.503     2.84520E-04
 54.104700      71.562     2.82680E-04
 54.196800      71.624     2.80820E-04
 54.290900      71.661     2.79010E-04
 54.384800      71.697     2.77330E-04
 54.478200      71.741     2.75640E-04
 54.570700      71.797     2.73950E-04
 54.662700      71.838     2.72320E-04
 54.754700      71.839     2.70820E-04
 54.848000      71.843     2.69220E-04
 54.941600      71.833     2.67740E-04
 55.035800      71.870     2.66070E-04
 55.236500      72.060     2.62200E-04
 55.331500      72.125     2.60400E-04
 55.427200      72.215     2.58560E-04
 55.523900      72.311     2.56690E-04
 55.621200      72.382     2.54930E-04
 55.718300      72.405     2.53400E-04
 55.815100      72.433     2.51860E-04
 55.912200      72.499     2.50170E-04
 56.010600      72.563     2.48430E-04
 56.109400      72.599     2.46860E-04
 56.207800      72.596     2.45460E-04
 56.305300      72.685     2.43800E-04
 56.403700      72.696     2.42300E-04
 56.503100      72.764     2.40610E-04
 56.602600      72.799     2.39090E-04
 56.702600      72.808     2.37620E-04
 56.802700      72.820     2.36190E-04
 56.903700      72.881     2.34540E-04
 57.121500      73.056     2.30960E-04
 57.223800      73.138     2.29280E-04
 57.325900      73.238     2.27620E-04
 57.428100      73.356     2.25900E-04
 57.530700      73.465     2.24190E-04
 57.634100      73.468     2.22810E-04
 57.738100      73.499     2.21330E-04
 57.842100      73.621     2.19630E-04
 57.946000      73.729     2.18010E-04
 58.050900      73.770     2.16510E-04
 58.155100      73.812     2.15120E-04
 58.260700      73.897     2.13490E-04
 58.366500      74.016     2.11840E-04
 58.472700      74.106     2.10270E-04
 58.578200      74.207     2.08750E-04
 58.683900      74.406     2.06920E-04
 58.789400      74.637     2.05050E-04
 58.896200      74.819     2.03250E-04
 59.006200      74.893     2.01650E-04
 59.117400      74.992     2.00060E-04
 59.230400      75.081     1.98460E-04
 59.341800      75.164     1.97060E-04
 59.452100      75.224     1.95730E-04
 59.561600      75.194     1.94640E-04
 59.671600      75.116     1.93600E-04
 59.783400      75.110     1.92310E-04
 59.896600      75.210     1.90770E-04
 60.137800      75.419     1.87660E-04
 60.251200      75.514     1.86180E-04
 60.364900      75.776     1.84340E-04
 60.479800      76.199     1.82090E-04
 60.595200      76.483     1.80240E-04
 60.710800      76.594     1.78830E-04
 60.826900      76.704     1.77400E-04
 60.942700      76.990     1.75630E-04
 61.057900      77.138     1.74210E-04
 61.174800      77.158     1.73010E-04
 61.292100      77.231     1.71730E-04
 61.411700      77.292     1.70380E-04
 61.531800      77.396     1.69010E-04
 61.652000      77.592     1.67470E-04
 61.771000      77.808     1.65970E-04
 61.892500      77.908     1.64600E-04
 62.019900      78.123     1.62840E-04
 62.148200      78.412     1.61140E-04
 62.422700      79.064     1.57540E-04
 62.549600      79.366     1.55950E-04
 62.678900      79.619     1.54330E-04
 62.804100      79.932     1.52880E-04
 62.930400      80.223     1.51280E-04
 63.058200      80.461     1.49790E-04
 63.184500      80.668     1.48470E-04
 63.313200      80.880     1.47000E-04
 63.439000      81.298     1.45390E-04
 63.562200      81.567     1.44040E-04
 63.688500      82.033     1.42160E-04
 63.820000      82.206     1.40740E-04
 63.949900      82.521     1.39330E-04
 64.086000      82.853     1.37630E-04
 64.219700      83.553     1.35640E-04
 64.358800      84.213     1.33500E-04
 64.497600      84.769     1.31750E-04
 64.632600      85.437     1.29970E-04
 64.772600      86.069     1.27970E-04
 64.911500      86.485     1.26550E-04
 65.044800      86.961     1.25190E-04
 65.183900      87.342     1.23630E-04
 65.322400      87.909     1.22020E-04
 65.466100      88.470     1.20280E-04
 65.606600      89.128     1.18700E-04
 65.747400      89.741     1.17100E-04
 65.890200      90.311     1.15530E-04
 66.190200      91.306     1.12770E-04
 66.333900      91.590     1.11570E-04
 66.478200      92.071     1.10240E-04
 66.620600      92.656     1.08860E-04
 66.763900      93.060     1.07640E-04
 66.907300      93.417     1.06500E-04
 67.055900      93.885     1.05130E-04
 67.203200      95.224     1.03010E-04
 67.354400      95.854     1.01570E-04
 67.512200      96.364     1.00200E-04
 67.667600      96.889     9.90500E-05
 67.828400      97.724     9.74000E-05
 67.996300      98.390     9.59200E-05
 68.163600      98.921     9.47900E-05
 68.330500      99.465     9.36500E-05
 68.498300     100.123     9.23900E-05
 68.664700     101.086     9.09400E-05
 68.832800     101.633     8.98200E-05
 69.182300     102.420     8.80400E-05
 69.345800     102.582     8.73000E-05
 69.509800     102.841     8.64900E-05
 69.676500     103.172     8.55800E-05
 69.848600     104.041     8.41700E-05
 70.018200     104.521     8.32800E-05
 70.192000     104.679     8.25200E-05
 70.367700     104.950     8.17200E-05
 70.547200     105.227     8.08700E-05
 70.723100     105.479     8.02200E-05
 70.898100     105.688     7.95400E-05
 71.069300     106.038     7.88100E-05
 71.245100     106.600     7.77600E-05
 71.432200     107.077     7.66600E-05
 71.626100     107.706     7.55300E-05
 71.823100     108.969     7.40800E-05
 72.018200     110.229     7.27700E-05
 72.214500     110.832     7.18600E-05
 72.398600     111.785     7.09800E-05
 72.582000     112.170     7.02700E-05
 72.757600     112.549     6.96900E-05
 72.939500     113.042     6.88000E-05
 73.130700     113.519     6.78800E-05
 73.320100     113.897     6.72200E-05
 73.502100     114.269     6.66600E-05
 73.686400     114.700     6.59200E-05
 73.878100     114.977     6.51800E-05
 74.288000     115.286     6.40500E-05
 74.482500     115.668     6.33700E-05
 74.675900     116.011     6.27700E-05
 74.873400     116.218     6.21600E-05
 75.076800     116.491     6.14800E-05
 75.279800     116.889     6.08500E-05
 75.481800     117.491     6.01200E-05
 75.687100     117.879     5.94500E-05
 75.884600     118.088     5.90500E-05
 76.072700     118.159     5.87300E-05
 76.266600     118.057     5.82800E-05
 76.464000     118.136     5.77700E-05
 76.668700     118.651     5.70100E-05
 76.873800     119.733     5.60900E-05
 77.080600     120.348     5.53900E-05
 77.283700     120.425     5.50100E-05
 77.489100     120.485     5.45600E-05
 77.689100     120.598     5.42000E-05
 78.130500     120.925     5.32600E-05
 78.333200     121.501     5.26200E-05
 78.552700     122.323     5.16600E-05
 78.764900     123.190     5.10200E-05
 78.980900     123.593     5.04300E-05
 79.203700     123.837     4.98700E-05
 79.427300     124.188     4.93500E-05
 79.646500     124.608     4.88800E-05
 79.855600     124.942     4.85300E-05
 80.065100     125.194     4.80600E-05
 80.282200     125.258     4.75900E-05
 80.511600     125.308     4.70700E-05
 80.740600     125.848     4.65200E-05
 80.978100     126.037     4.60100E-05
 81.207600     126.868     4.54700E-05
 81.439200     127.446     4.49000E-05
 81.668500     127.751     4.44800E-05
 81.895400     127.931     4.41200E-05
 82.126000     128.000     4.37300E-05
 82.350400     128.096     4.34400E-05
 82.575000     128.149     4.30800E-05
 82.804800     128.286     4.26500E-05
 83.046300     128.492     4.21200E-05
 83.275900     128.655     4.18900E-05
 83.509000     128.873     4.14600E-05
 83.750600     129.277     4.09200E-05
 83.995900     129.714     4.04300E-05
 84.511500     130.045     3.97100E-05
 84.757100     130.351     3.92900E-05
 85.009700     130.717     3.88100E-05
 85.273300     131.045     3.82800E-05
 85.543100     131.581     3.77500E-05
 85.813100     132.056     3.73200E-05
 86.082700     132.281     3.69700E-05
 86.338800     132.571     3.67400E-05
 86.582300     132.813     3.65200E-05
 86.837300     132.751     3.61300E-05
 87.099300     132.795     3.57600E-05
 87.360600     132.987     3.54400E-05
 87.618800     133.126     3.51600E-05
 87.873500     133.226     3.49000E-05
 88.133400     133.686     3.44600E-05
 88.411800     134.487     3.37900E-05
 88.700300     135.226     3.32300E-05
 89.005800     135.396     3.27400E-05
 89.605600     135.687     3.23200E-05
 89.877500     135.869     3.21900E-05
 90.160300     136.020     3.17800E-05
 90.447400     136.536     3.13600E-05
 90.735800     137.026     3.09700E-05
 91.023100     137.128     3.06900E-05
 91.311100     136.980     3.04700E-05
 91.598600     137.100     3.01900E-05
 91.886400     137.640     2.98200E-05
 92.164300     137.726     2.96300E-05
 92.446500     137.559     2.93800E-05
 92.721600     137.495     2.92100E-05
 93.017200     137.244     2.88300E-05
 93.325400     137.170     2.84800E-05
 93.629600     137.554     2.81900E-05
 93.937900     137.706     2.78800E-05
 94.245200     137.759     2.76400E-05
 94.547900     137.935     2.74100E-05
 94.850600     138.231     2.71300E-05
 95.152700     138.717     2.68100E-05
 95.458200     139.217     2.64600E-05
 95.771100     139.359     2.61400E-05
 96.079600     139.569     2.59100E-05
 96.402300     139.863     2.55100E-05
 96.719900     140.137     2.52800E-05
 97.034200     140.566     2.50100E-05
 97.340300     140.951     2.47800E-05
 97.992200     141.071     2.42500E-05
 98.314300     141.274     2.39300E-05
 98.624100     141.934     2.37000E-05
 98.933400     142.039     2.34800E-05
 99.244900     141.964     2.32700E-05
 99.577400     141.651     2.29400E-05
 99.922400     141.408     2.26800E-05
100.272800     141.230     2.24500E-05
100.602900     141.558     2.23500E-05
100.932700     141.927     2.20900E-05
101.280700     141.962     2.17400E-05
101.642800     142.459     2.13400E-05
102.009500     142.966     2.10400E-05
102.380100     142.987     2.08100E-05
102.744600     143.133     2.06400E-05
103.120500     142.889     2.03800E-05
103.479400     143.172     2.02700E-05
103.834000     143.385     2.00800E-05
104.592200     143.326     1.96400E-05
104.978400     142.954     1.93000E-05
105.347400     143.209     1.91900E-05
105.703100     143.482     1.90600E-05
106.068900     143.636     1.87800E-05
106.450000     143.886     1.84500E-05
106.820700     144.530     1.82600E-05
107.201100     144.895     1.79500E-05
107.575500     145.727     1.77100E-05
107.947600     146.129     1.74800E-05
108.302300     146.439     1.73700E-05
108.658500     146.304     1.71900E-05
109.018800     146.024     1.70000E-05
109.377600     145.876     1.68400E-05
109.727100     146.005     1.66900E-05
110.062300     146.160     1.65600E-05
110.380000     146.299     1.64600E-05
110.688900     146.285     1.63200E-05
110.999000     146.236     1.61300E-05
111.292800     146.497     1.60000E-05
111.575200     146.666     1.58500E-05
111.845800     146.835     1.57100E-05
112.100800     147.151     1.55600E-05
112.333000     147.332     1.54700E-05
112.546100     147.563     1.53500E-05
112.727100     148.071     1.52500E-05
112.882200     148.290     1.51700E-05
113.217300     148.556     1.49600E-05
113.391500     148.554     1.48400E-05
113.556600     148.766     1.47800E-05
113.723000     148.884     1.47000E-05
113.892300     148.960     1.46200E-05
114.061800     149.049     1.45400E-05
114.214500     149.272     1.44700E-05
114.369400     149.594     1.43800E-05
114.524300     150.068     1.42700E-05
114.692500     150.693     1.41500E-05
114.870700     150.995     1.40400E-05
115.046500     151.197     1.39600E-05
115.222700     151.293     1.38900E-05
115.396600     151.349     1.38200E-05
115.575200     151.426     1.37400E-05
115.754300     151.587     1.36600E-05
115.933400     151.742     1.35800E-05
116.113200     151.875     1.35000E-05
116.505200     152.964     1.32700E-05
116.673300     153.087     1.32000E-05
116.860300     153.160     1.31200E-05
117.034400     153.236     1.30600E-05
117.210600     153.243     1.30000E-05
117.388100     153.231     1.29400E-05
117.559500     153.282     1.28700E-05
117.733400     153.447     1.28000E-05
117.920700     153.647     1.27200E-05
118.110100     153.756     1.26400E-05
118.296100     153.669     1.25900E-05
118.475800     153.628     1.25300E-05
118.649000     153.517     1.24800E-05
118.825600     153.413     1.24300E-05
119.011100     153.302     1.23800E-05
119.196100     153.219     1.23200E-05
119.367100     153.172     1.22700E-05
119.525300     153.246     1.22100E-05
119.705700     153.303     1.21500E-05
119.878200     153.432     1.20800E-05
120.060500     153.556     1.20100E-05
120.244300     153.545     1.19600E-05
120.425600     153.539     1.19000E-05
120.608400     153.644     1.18300E-05
120.787500     153.827     1.17600E-05
120.983400     154.110     1.16800E-05
121.194700     154.583     1.15600E-05
121.641600     155.012     1.14000E-05
121.827300     155.166     1.13500E-05
122.027100     155.517     1.12700E-05
122.214200     155.562     1.12100E-05
122.415100     155.655     1.11400E-05
122.630300     155.746     1.10600E-05
122.824800     155.750     1.10100E-05
123.028600     155.601     1.09600E-05
123.197400     155.440     1.09300E-05
123.360700     155.289     1.08900E-05
123.515200     155.122     1.08600E-05
123.696500     154.988     1.08100E-05
123.886500     155.001     1.07600E-05
124.091300     155.066     1.06900E-05
124.298600     154.983     1.06400E-05
124.497700     154.940     1.05900E-05
124.697100     155.114     1.05200E-05
124.894500     155.248     1.04600E-05
125.299900     155.335     1.03400E-05
125.494600     155.317     1.02900E-05
125.688800     155.275     1.02400E-05
125.877700     155.225     1.01900E-05
126.085100     155.174     1.01400E-05
126.291000     155.141     1.00900E-05
126.477200     155.097     1.00400E-05
126.668300     155.028     1.00000E-05
126.857700     155.023     9.95000E-06
127.072900     155.108     9.88000E-06
127.270400     155.145     9.83000E-06
127.463500     155.084     9.79000E-06
127.664100     154.963     9.74000E-06
127.852300     154.905     9.70000E-06
128.067100     154.839     9.64000E-06
128.272000     154.883     9.59000E-06
128.470800     154.966     9.53000E-06
128.681000     155.131     9.47000E-06
128.882100     155.382     9.41000E-06
129.112100     155.640     9.33000E-06
129.319900     155.772     9.28000E-06
129.519200     155.796     9.22000E-06
129.728400     155.862     9.17000E-06
129.920000     155.973     9.12000E-06
130.132400     155.991     9.07000E-06
130.344500     155.997     9.02000E-06
130.560500     155.991     8.97000E-06
131.032600     155.951     8.86000E-06
131.247000     156.012     8.80000E-06
131.465200     155.987     8.76000E-06
131.694700     155.906     8.71000E-06
131.905400     155.860     8.66000E-06
132.123700     155.791     8.62000E-06
132.321800     155.748     8.58000E-06
132.527200     155.799     8.53000E-06
132.756500     156.011     8.47000E-06
132.976600     156.387     8.40000E-06
133.205500     156.807     8.33000E-06
133.419200     157.086     8.27000E-06
133.622000     157.162     8.22000E-06
133.831500     157.273     8.17000E-06
134.064400     157.634     8.10000E-06
134.293300     158.208     8.03000E-06
134.536900     158.559     7.96000E-06
134.772500     159.201     7.88000E-06
135.254800     159.799     7.76000E-06
135.480900     159.869     7.71000E-06
135.698900     159.938     7.66000E-06
135.915000     159.951     7.62000E-06
136.140000     159.927     7.58000E-06
136.377400     159.922     7.53000E-06
136.603900     159.855     7.49000E-06
136.844300     159.710     7.45000E-06
137.075900     159.568     7.42000E-06
137.323900     159.396     7.38000E-06
137.566900     159.274     7.34000E-06
137.793400     159.213     7.30000E-06
138.020600     159.175     7.26000E-06
138.252600     159.353     7.21000E-06
138.493700     159.638     7.16000E-06
138.734700     159.668     7.11000E-06
138.983500     159.728     7.07000E-06
139.258200     159.643     7.02000E-06
139.529200     159.660     6.98000E-06
139.778800     159.700     6.93000E-06
140.006900     159.757     6.89000E-06
140.216300     159.814     6.86000E-06
140.448600     159.960     6.81000E-06
140.695700     160.177     6.76000E-06
140.944500     160.275     6.71000E-06
141.199300     160.396     6.67000E-06
141.450500     160.467     6.62000E-06
141.984000     160.552     6.54000E-06
142.250500     160.591     6.49000E-06
142.511800     160.584     6.45000E-06
142.777500     160.600     6.41000E-06
143.041100     160.697     6.36000E-06
143.323300     160.839     6.32000E-06
143.625700     160.656     6.25000E-06
143.905900     160.867     6.23000E-06
144.184300     160.938     6.18000E-06
144.436200     161.061     6.14000E-06
144.701900     161.202     6.10000E-06
144.971000     161.358     6.05000E-06
145.215800     161.572     6.01000E-06
145.457800     161.773     5.97000E-06
145.716700     161.857     5.93000E-06
145.992000     161.852     5.89000E-06
146.285100     161.899     5.84000E-06
146.551500     161.956     5.80000E-06
147.097600     162.212     5.72000E-06
147.372000     162.366     5.68000E-06
147.675600     162.620     5.63000E-06
147.987000     162.742     5.58000E-06
148.275700     162.984     5.53000E-06
148.548100     163.178     5.49000E-06
148.828300     163.314     5.45000E-06
149.090200     163.540     5.41000E-06
149.354300     163.804     5.37000E-06
149.625200     164.016     5.33000E-06
149.894100     164.266     5.28000E-06
150.178500     164.623     5.23000E-06
160.063300     166.329     4.36910E-06
160.168300     167.483     4.26980E-06
160.273900     166.993     4.29320E-06
160.380000     167.649     4.46280E-06
160.486800     168.400     4.25120E-06
160.594100     168.587     4.33620E-06
160.702100     168.848     4.42630E-06
160.810600     169.067     4.51920E-06
160.919700     168.456     4.61740E-06
161.029500     168.079     4.39900E-06
161.139900     168.947     4.41490E-06
161.250900     169.184     4.50310E-06
161.362600     169.435     4.31620E-06
161.474900     170.503     4.14920E-06
161.587900     170.122     4.17010E-06
161.701500     170.279     4.41010E-06
161.815800     170.482     4.48290E-06
161.930800     170.501     4.46690E-06
162.046500     170.500     4.44300E-06
162.162900     170.718     4.48890E-06
162.280000     171.021     4.33860E-06
162.397800     170.881     4.42260E-06
162.516300     170.480     4.29010E-06
162.635600     170.601     4.36810E-06
162.755600     170.565     4.27730E-06
162.876400     170.591     4.30810E-06
162.998000     170.421     4.27740E-06
163.120300     169.954     4.31580E-06
163.243400     169.756     4.26420E-06
163.367300     169.586     4.16520E-06
163.492100     169.540     4.22510E-06
163.617600     169.629     4.36580E-06
163.744000     169.366     4.22560E-06
163.871300     169.469     4.29750E-06
163.993400     169.091     4.26440E-06
164.122300     168.726     4.27690E-06
164.252200     168.472     4.08200E-06
164.382900     168.212     4.27140E-06
164.514500     168.800     4.32110E-06
164.647100     168.691     4.25790E-06
164.780600     168.318     4.29160E-06
164.915100     168.419     4.25240E-06
165.050500     167.984     4.28770E-06
165.186900     167.937     4.29110E-06
165.324300     167.794     4.26900E-06
165.462700     168.088     4.19110E-06
165.602100     168.496     4.22430E-06
165.742500     168.648     4.22400E-06
165.884000     169.376     4.16040E-06
166.026600     169.084     4.24110E-06
166.170200     169.431     4.21930E-06
166.314900     169.228     4.26240E-06
166.460700     169.430     4.29880E-06
166.607600     169.897     4.31560E-06
166.755600     169.900     4.36580E-06
166.904700     170.105     4.33040E-06
167.055100     169.941     4.35340E-06
167.206500     169.592     4.28830E-06
167.359200     169.457     4.40800E-06
167.513100     169.304     4.35500E-06
167.668200     169.177     4.27140E-06
167.824500     169.148     4.27730E-06
167.982100     168.796     4.31420E-06
168.141000     168.762     4.26790E-06
168.301100     168.653     4.19860E-06
168.462600     168.438     4.29910E-06
168.625400     168.327     4.22760E-06
168.789600     168.055     4.28340E-06
168.955100     167.959     4.23560E-06
169.122000     167.811     4.27960E-06
169.290400     167.483     4.36720E-06
169.460200     167.578     4.37660E-06
169.631400     167.616     4.25390E-06
169.804200     167.523     4.30070E-06
169.978400     167.494     4.27900E-06
170.154200     167.484     4.28580E-06
170.331500     167.703     4.26940E-06
170.510400     167.745     4.29690E-06
170.690800     168.718     4.21370E-06
170.872900     169.978     4.23650E-06
171.056600     170.617     4.03860E-06
171.241900     170.712     4.05390E-06
171.428900     170.510     4.19100E-06
171.617500     170.659     4.22630E-06
171.807800     170.234     4.20430E-06
171.999900     169.999     4.24710E-06
172.260800     170.711     4.23830E-06
172.457100     170.837     4.16180E-06
172.655100     170.667     4.22330E-06
172.855100     170.325     4.22270E-06
173.056800     170.301     4.15670E-06
173.260500     170.479     4.16980E-06
173.466200     170.392     4.14460E-06
173.673700     170.441     4.07960E-06
173.883300     170.536     4.16140E-06
174.094900     170.780     4.22210E-06
174.308500     171.155     4.22030E-06
174.524200     171.358     4.45200E-06
174.742000     171.559     4.34880E-06
174.962000     171.389     4.34220E-06
175.184100     171.623     4.24920E-06
175.408400     171.899     4.23400E-06
175.634900     172.254     4.18070E-06
175.863600     172.143     4.19900E-06
176.094600     172.107     4.16780E-06
176.328000     172.121     4.23160E-06
176.563700     172.223     4.27310E-06
176.801700     172.361     4.34280E-06
177.042200     172.970     4.39300E-06
177.285200     173.315     4.34860E-06
177.530600     173.168     4.23070E-06
177.778500     173.348     4.24810E-06
178.029000     173.480     4.20350E-06
178.282000     173.709     4.28690E-06
178.537700     174.041     4.28920E-06
178.796000     173.852     4.33620E-06
179.057100     173.610     4.26850E-06
179.320900     173.302     4.06080E-06
179.587500     173.036     4.18740E-06
179.856900     172.995     4.18410E-06
180.129300     173.074     3.92190E-06
180.404500     173.339     4.07600E-06
180.682800     173.504     4.01260E-06
180.964100     173.709     4.03790E-06
181.248500     174.023     4.04210E-06
181.536000     174.015     3.99500E-06
181.826600     173.960     4.08810E-06
182.120500     173.966     3.96160E-06
182.417700     174.101     4.03750E-06
182.718100     173.981     3.95750E-06
183.022000     174.223     4.03880E-06
183.329300     174.204     3.95550E-06
183.640100     174.137     4.23560E-06
183.954400     174.472     4.11890E-06
184.272200     174.859     4.03420E-06
184.593800     175.170     4.12390E-06
184.919000     175.305     4.15110E-06
185.247900     175.331     4.17470E-06
185.565000     175.358     4.17420E-06
185.901500     175.841     4.16530E-06
186.241800     176.315     4.18610E-06
186.586200     176.547     4.13850E-06
186.934500     176.807     4.02190E-06
187.287000     176.771     4.11370E-06
187.643600     177.232     4.13280E-06
188.004400     177.938     4.09570E-06
188.369400     178.568     4.06770E-06
188.738800     178.507     4.18340E-06
189.112600     178.485     4.18660E-06
189.490900     178.206     4.12960E-06
189.873600     178.170     3.98260E-06
190.261000     177.764     4.07920E-06
190.653100     177.942     4.10800E-06
191.050000     177.882     4.06160E-06
191.451700     177.714     4.17260E-06
191.858300     177.465     4.17250E-06
192.269900     177.417     4.04760E-06
192.686600     177.393     4.13020E-06
193.108500     177.765     4.09900E-06
193.535600     177.714     4.03430E-06
193.968100     177.483     4.08300E-06
194.405900     177.311     4.04180E-06
194.849300     177.481     4.00360E-06
195.298300     177.790     3.94760E-06
195.752900     177.668     4.13720E-06
196.213300     177.685     4.21680E-06
196.679500     177.505     4.14400E-06
197.151700     177.297     4.11830E-06
197.629900     176.994     4.08050E-06
198.114300     177.109     4.10100E-06
198.604900     177.254     3.99840E-06
199.101800     177.445     3.98260E-06
199.605100     177.637     4.02650E-06
200.114900     177.560     3.93070E-06
200.631400     177.555     3.84130E-06
201.154500     177.896     3.93190E-06
201.684300     177.971     3.90910E-06
202.221100     178.306     3.99940E-06
202.764800     178.099     4.03670E-06
203.315600     177.968     3.98130E-06
203.873600     177.814     3.98280E-06
204.438800     177.723     3.97660E-06
205.011400     177.605     4.03130E-06
205.591600     177.366     4.01960E-06
206.179300     177.414     4.07350E-06
206.774700     177.952     4.12050E-06
207.377900     177.799     4.15230E-06
207.989000     177.778     4.00950E-06
208.608000     178.409     3.99910E-06
209.235200     178.422     4.10910E-06
209.840500     178.306     4.04690E-06
210.483700     178.240     4.10200E-06
211.135300     178.170     3.98070E-06
211.795400     178.068     4.13530E-06
212.464000     178.271     3.71720E-06
213.141300     178.360     3.78550E-06
213.827300     178.267     3.74380E-06
214.522200     178.343     3.98500E-06
215.226000     178.479     3.59210E-06
215.938900     178.979     4.73360E-06
216.660900     179.389     4.80770E-06
217.392000     179.513     4.54400E-06
218.132400     179.784     4.58960E-06
218.882000     180.323     3.78320E-06
219.641100     180.470     4.72070E-06
220.409500     181.189     3.98940E-06
221.187500     181.628     3.94320E-06
221.974900     181.905     4.07850E-06
222.772000     182.316     4.06090E-06
223.578600     182.619     3.89620E-06
224.395000     182.757     3.67200E-06
225.221100     182.401     3.58410E-06
226.057100     182.222     3.58670E-06
226.902900     182.071     3.71530E-06
227.758700     182.306     3.57750E-06
228.624500     182.571     3.60940E-06
229.500300     182.489     3.62210E-06
230.386200     182.528     3.52600E-06
231.282200     182.589     3.69160E-06
232.188400     182.494     3.75670E-06
233.104700     182.948     3.99700E-06
234.031300     182.897     3.92150E-06
234.968000     183.108     3.91870E-06
235.915000     183.440     4.01480E-06
236.872200     183.595     3.72140E-06
237.839700     183.608     3.75570E-06
238.817400     184.390     3.68440E-06
239.805300     184.836     3.59900E-06
240.803400     184.150     3.66870E-06
241.811700     183.984     3.79390E-06
242.830300     184.043     3.67410E-06
243.859000     183.651     3.89890E-06
244.898000     184.672     3.94580E-06
245.947100     185.430     3.77080E-06
247.006200     185.574     3.87300E-06
248.075400     185.961     3.73730E-06
249.154600     185.529     3.71060E-06
250.243800     185.240     3.65600E-06
251.343000     185.378     3.76560E-06
252.452000     184.771     3.76370E-06
253.571000     184.194     3.87520E-06
254.699800     184.260     3.76610E-06
255.784900     184.657     3.79540E-06
256.932800     184.224     3.81780E-06
258.090400     184.294     3.74720E-06
259.257600     184.181     3.91180E-06
260.434300     184.380     3.79590E-06
261.620500     184.449     3.85450E-06
262.816100     184.574     3.85150E-06
264.020900     185.031     3.68370E-06
265.234900     185.274     3.51180E-06
266.458000     185.532     3.70680E-06
267.690000     185.455     3.86860E-06
268.931000     185.209     3.94030E-06
270.180700     184.996     3.78530E-06
271.439200     184.821     3.71550E-06
272.706300     184.456     3.83900E-06
273.982000     184.222     3.68640E-06
275.266100     184.198     3.61190E-06
276.558500     184.234     3.90490E-06
277.859100     184.446     3.84200E-06
279.167800     184.408     3.88380E-06
280.484600     184.517     3.86290E-06
281.809100     184.578     3.65730E-06
283.141500     184.365     3.81290E-06
284.481500     184.337     3.83440E-06
285.829000     184.021     3.85680E-06
287.183900     183.969     3.57700E-06
288.546200     183.888     3.98930E-06
289.915600     183.875     3.41930E-06
291.292100     183.911     3.58420E-06
292.675600     183.864     3.71480E-06
294.065900     183.719     3.60790E-06
295.462900     183.880     3.61520E-06
296.866500     183.946     3.67740E-06
298.276600     183.758     3.85170E-06
299.693000     183.549     3.65850E-06
301.115700     182.854     3.65100E-06
302.544500     182.431     3.93580E-06
303.979400     182.940     3.96070E-06
305.420100     183.542     3.56910E-06
306.866700     183.473     3.69450E-06
308.318900     183.157     3.56960E-06
309.776700     182.279     3.77120E-06
311.239900     181.824     3.90430E-06
312.708600     181.907     3.49540E-06
314.182400     181.933     3.63630E-06
315.661500     181.996     3.55260E-06
317.145500     182.126     3.61980E-06
318.634500     182.362     3.81150E-06
320.128200     182.374     3.78580E-06
321.626700     182.223     3.76130E-06
323.129700     181.996     3.75170E-06
324.637300     181.354     3.56130E-06
326.078300     181.104     3.81570E-06
327.594400     181.261     3.70210E-06
329.114700     181.279     3.71750E-06
330.639100     181.561     3.64790E-06
332.167500     181.286     3.59590E-06
333.699800     180.765     3.75470E-06
335.236000     181.059     3.93630E-06
336.775900     180.916     3.95420E-06
338.319500     180.565     4.26530E-06
339.866700     179.806     4.42720E-06
341.417400     180.243     4.46380E-06
342.971500     180.088     4.31290E-06
344.528900     180.217     4.64060E-06
346.089500     180.603     4.65140E-06
347.653400     180.719     4.62930E-06
349.220300     180.262     4.60810E-06
350.790200     179.944     4.68250E-06
352.363000     179.658     4.70250E-06
353.938800     179.532     4.52340E-06
355.517300     178.749     4.71830E-06
357.098600     178.253     3.73140E-06
358.682600     178.641     4.38390E-06
360.269200     179.978     3.93890E-06
361.858300     177.878     3.59200E-06
363.449900     176.875     3.72170E-06
365.044000     176.260     3.81170E-06
366.640400     176.486     3.76840E-06
368.239200     178.384     4.11300E-06
369.840200     178.458     4.13100E-06
371.443400     177.308     4.11010E-06
373.048700     176.764     3.95180E-06
374.656100     176.333     4.26020E-06
376.265600     176.308     4.15330E-06
377.877000     174.648     4.15260E-06
379.490500     174.122     4.11200E-06
381.105800     173.150     4.07340E-06
382.723000     173.029     4.07510E-06
384.342000     172.905     4.04880E-06
385.962800     173.076     4.02060E-06
387.585300     172.771     4.00590E-06
389.209600     172.330     3.98950E-06
390.835400     171.345     3.97420E-06
392.462900     170.207     3.97830E-06
394.092000     168.861     3.97690E-06
395.722600     168.550     3.94610E-06
397.354700     167.699     3.93030E-06
398.988300     166.779     3.91420E-06
400.623400     166.548     3.87940E-06
402.259900     167.905     3.87790E-06
403.897700     167.926     3.86400E-06
405.536800     168.629     3.84910E-06
407.177200     169.598     3.83830E-06
408.741900     168.412     3.82800E-06
410.384800     167.162     3.81270E-06
412.028800     166.167     3.79560E-06
413.674000     165.740     3.78830E-06
415.320400     165.077     3.78670E-06
416.967900     164.037     3.77350E-06
418.616500     163.323     3.76380E-06
420.266100     165.140     3.75260E-06
421.916800     164.669     3.74570E-06
423.568500     164.096     3.74530E-06
425.221200     163.414     3.73890E-06
426.874900     165.699     3.73170E-06
428.529500     166.331     3.72180E-06
430.185000     166.253     3.70890E-06
431.841400     165.750     3.70370E-06
433.498600     164.927     3.69040E-06
435.156700     163.844     3.68810E-06
436.815700     162.268     3.68480E-06
438.475500     162.044     3.67910E-06
440.136100     161.021     3.67350E-06
441.797400     159.321     3.64930E-06
443.459600     158.384     3.64030E-06
445.122500     156.979     3.63690E-06
446.786200     157.142     3.62320E-06
448.450600     156.641     3.62100E-06
450.115700     158.758     3.61030E-06
451.781500     158.459     3.60170E-06
453.448000     159.335     3.58360E-06
455.115200     159.655     3.56320E-06
456.783000     158.585     3.54820E-06
458.451400     158.273     3.52120E-06
460.120500     157.427     3.51550E-06
461.790100     156.653     3.49650E-06
463.460400     156.311     3.48880E-06
465.131300     155.998     3.47270E-06
466.802700     155.898     3.45130E-06
468.474700     155.019     3.43930E-06
470.147300     155.090     3.42320E-06
471.820400     156.993     3.41450E-06
473.494000     156.661     3.40950E-06
475.168200     155.377     3.40000E-06
476.842900     154.018     3.39080E-06
478.518000     152.691     3.38110E-06
480.193700     153.058     3.36930E-06
481.869900     153.143     3.36380E-06
483.546500     152.480     3.35200E-06
485.223600     151.505     3.34150E-06
486.901200     151.446     3.33310E-06
488.579300     151.311     3.32260E-06
490.257700     152.198     3.31510E-06
491.936700     152.204     3.30410E-06
493.616000     153.168     3.29400E-06
495.217100     152.457     3.28730E-06
496.897200     151.194     3.27230E-06
498.577800     153.852     3.25830E-06
500.258800     156.254     3.24680E-06
501.940200     155.788     3.23410E-06
503.622000     154.458     3.22080E-06
505.304200     156.606     3.20320E-06
506.986700     163.969     3.18880E-06
508.669600     169.685     3.15700E-06
510.352900     169.827     3.12020E-06
512.036500     169.633     3.09520E-06
513.720500     169.137     3.08030E-06
515.404800     168.593     3.07060E-06
517.089400     169.391     3.05450E-06
518.774400     170.258     3.04860E-06
520.459700     171.527     3.03920E-06
522.145400     172.754     3.00820E-06
523.831400     172.125     2.99240E-06
525.517600     171.630     2.98160E-06
527.204300     171.493     2.97380E-06
528.891200     171.132     2.96030E-06
530.578400     171.575     2.94330E-06
532.266000     171.521     2.93080E-06
533.953800     171.830     2.91590E-06
535.641900     173.666     2.90010E-06
537.330400     175.001     2.88180E-06
539.019100     174.478     2.86130E-06
540.708200     173.667     2.84370E-06
542.397500     173.344     2.82610E-06
544.087100     173.137     2.81470E-06
545.777000     172.697     2.79650E-06
547.467200     173.573     2.77760E-06
549.157600     174.360     2.75750E-06
550.848400     173.987     2.74480E-06
552.539400     173.956     2.73090E-06
554.230700     173.317     2.71610E-06
555.922200     173.324     2.69990E-06
557.614100     173.176     2.68300E-06
559.306200     173.101     2.65890E-06
560.998500     172.379     2.63900E-06
562.691100     171.020     2.62650E-06
564.384000     170.036     2.60900E-06
566.077200     169.177     2.59220E-06
567.770600     168.884     2.57390E-06
569.464300     168.506     2.55420E-06
571.158200     169.502     2.54200E-06
572.852400     169.327     2.53060E-06
574.546800     169.938     2.51990E-06
576.241500     169.225     2.50860E-06
577.936400     168.063     2.49380E-06
579.631600     167.255     2.47730E-06
581.327000     167.710     2.45800E-06
582.943200     167.962     2.44020E-06
584.639100     167.669     2.42190E-06
586.335300     166.864     2.40190E-06
588.031600     166.173     2.38650E-06
589.728300     168.427     2.37160E-06
591.425100     169.003     2.35580E-06
593.122200     170.661     2.33830E-06
594.819600     173.547     2.32400E-06
596.517100     174.861     2.30490E-06
598.214900     176.342     2.28930E-06
599.913000     176.302     2.27410E-06
601.611200     176.296     2.25370E-06
603.309700     174.957     2.23270E-06
605.008400     174.840     2.21270E-06
606.707300     173.418     2.19500E-06
608.406500     174.283     2.17850E-06
610.105900     174.255     2.16280E-06
611.805500     173.692     2.14070E-06
613.505300     173.552     2.11880E-06
615.205400     172.867     2.09980E-06
616.905700     172.971     2.08060E-06
618.606200     172.299     2.06480E-06
620.306900     169.955     2.04320E-06
622.007800     169.962     2.01890E-06
623.708900     170.316     1.99570E-06
625.410300     167.788     1.98030E-06
