93.281   0.0
93.257   0.002597
93.24   0.01572
93.222   0.036647
93.206   0.058008
93.194   0.079115
93.183   0.10011
93.167   0.12098
93.125   0.16729
93.125   0.18905
93.109   0.2107
93.089   0.23209
93.086   0.25308
93.071   0.27396
93.068   0.29486
93.071   0.31592
92.9   0.33713
92.832   0.35832
92.815   0.37939
92.805   0.40048
92.793   0.42159
92.781   0.44272
92.779   0.46401
92.77   0.48533
92.746   0.50652
92.734   0.52773
92.725   0.54897
92.711   0.5705
92.688   0.5922
92.665   0.61377
92.637   0.63522
92.615   0.65655
92.601   0.67762
92.574   0.69884
92.554   0.72023
92.523   0.76655
92.52   0.78814
92.499   0.80962
92.481   0.83111
92.464   0.85276
92.457   0.87429
92.438   0.89599
92.414   0.91713
92.39   0.9383
92.372   0.95948
92.349   0.98082
92.315   1.0023
92.283   1.0237
92.26   1.0454
92.233   1.0671
92.199   1.0889
92.172   1.1111
92.153   1.1331
92.092   1.1788
92.06   1.2002
92.038   1.2217
92.01   1.2433
91.984   1.2651
91.953   1.287
91.924   1.3088
91.895   1.3304
91.866   1.3522
91.841   1.3741
91.809   1.396
91.778   1.4178
91.757   1.4391
91.727   1.4604
91.708   1.4817
91.68   1.5032
91.644   1.5248
91.618   1.5462
91.594   1.5674
91.563   1.5887
91.534   1.6101
91.503   1.6316
91.473   1.653
91.453   1.6744
91.423   1.6959
91.397   1.7174
91.364   1.7391
91.303   1.7855
91.277   1.8072
91.255   1.829
91.228   1.8504
91.207   1.8719
91.174   1.8934
91.157   1.9152
91.14   1.9371
91.11   1.9589
91.081   1.9809
91.059   2.0028
91.033   2.0249
91.005   2.0468
90.977   2.0686
90.955   2.0901
90.935   2.1118
90.906   2.1332
90.887   2.1547
90.837   2.2013
90.814   2.2229
90.786   2.2449
90.766   2.2669
90.738   2.2888
90.708   2.3104
90.696   2.3321
90.67   2.3539
90.642   2.3758
90.62   2.3978
90.589   2.4196
90.569   2.4414
90.544   2.4632
90.519   2.4854
90.482   2.5076
90.46   2.5299
90.448   2.5522
90.433   2.5743
90.415   2.5959
90.394   2.6176
90.362   2.6393
90.327   2.6613
90.316   2.6834
90.286   2.7053
90.272   2.7274
90.25   2.7493
90.228   2.7713
90.191   2.8188
90.17   2.8413
90.153   2.8638
90.127   2.8864
90.098   2.9088
90.077   2.9311
90.061   2.9532
90.043   2.9752
90.025   2.9974
90.008   3.0194
89.984   3.0415
89.972   3.0633
89.952   3.0853
89.944   3.1074
89.932   3.1296
89.916   3.1516
89.903   3.1737
89.874   3.1957
89.827   3.2438
89.805   3.2664
89.774   3.289
89.746   3.3115
89.722   3.3339
89.699   3.3566
89.658   3.3791
89.66   3.4015
89.636   3.4241
89.614   3.4466
89.583   3.4691
89.564   3.4914
89.545   3.5139
89.52   3.5365
89.494   3.5589
89.47   3.5812
89.444   3.6033
89.409   3.6259
89.391   3.6486
89.364   3.6712
89.352   3.6938
89.324   3.7163
89.307   3.7389
89.275   3.7615
89.252   3.7843
89.228   3.8067
89.199   3.8291
89.138   3.8781
89.112   3.9005
89.089   3.9231
89.067   3.945
89.04   3.9675
89.015   3.99
89.003   4.0125
88.98   4.0352
88.952   4.0577
88.935   4.0808
88.915   4.1039
88.897   4.1268
88.875   4.1494
88.853   4.1719
88.824   4.1944
88.804   4.2175
88.793   4.2405
88.765   4.2638
88.714   4.3129
88.693   4.3355
88.67   4.358
88.659   4.3807
88.62   4.4036
88.608   4.4265
88.584   4.4495
88.567   4.4719
88.56   4.4947
88.545   4.5174
88.522   4.5403
88.499   4.5633
88.482   4.5861
88.47   4.6087
88.452   4.6315
88.441   4.6541
88.402   4.6768
88.374   4.6995
88.361   4.722
88.327   4.7447
88.31   4.7677
88.292   4.7908
88.278   4.8137
88.258   4.8369
88.232   4.8601
88.206   4.8833
88.187   4.9063
88.147   4.9557
88.134   4.9785
88.118   5.0016
88.103   5.0247
88.063   5.0472
88.054   5.0697
88.036   5.0925
88.012   5.1156
87.984   5.1389
87.962   5.162
87.937   5.1852
87.913   5.2088
87.893   5.2323
87.864   5.2559
87.841   5.2793
87.818   5.3026
87.777   5.3258
87.762   5.3486
87.722   5.399
87.719   5.4224
87.688   5.4461
87.656   5.4693
87.632   5.4925
87.613   5.5155
87.6   5.5387
87.59   5.5619
87.575   5.5854
87.555   5.6089
87.54   5.6322
87.513   5.6557
87.483   5.679
87.46   5.703
87.426   5.7271
87.406   5.751
87.376   5.7748
87.353   5.7986
87.328   5.8222
87.316   5.8457
87.307   5.8693
87.29   5.8926
87.27   5.9162
87.242   5.94
87.216   5.9638
87.196   5.9876
87.183   6.0113
87.151   6.0627
87.131   6.0863
87.102   6.1101
87.084   6.1341
87.065   6.1575
87.046   6.1812
87.023   6.2049
86.993   6.2292
86.962   6.2533
86.939   6.2776
86.918   6.3016
86.887   6.3252
86.859   6.3489
86.833   6.3724
86.791   6.3965
86.765   6.4204
86.742   6.4445
86.705   6.4685
86.646   6.5193
86.628   6.5431
86.611   6.567
86.601   6.5911
86.609   6.6149
86.582   6.6388
86.567   6.6626
86.544   6.6865
86.505   6.7102
86.502   6.7341
86.481   6.7583
86.46   6.783
86.439   6.8077
86.422   6.8319
86.398   6.8561
86.367   6.8799
86.337   6.9038
86.311   6.9279
86.288   6.9522
86.258   6.9764
86.23   7.0005
86.21   7.0249
86.185   7.0495
86.163   7.0737
86.133   7.0978
86.106   7.1219
86.071   7.1462
86.019   7.1993
85.992   7.2235
85.965   7.2479
85.947   7.2722
85.938   7.2967
85.906   7.3208
85.882   7.345
85.859   7.3693
85.828   7.3943
85.806   7.4189
85.798   7.4436
85.813   7.4677
85.802   7.4918
85.771   7.516
85.729   7.5406
85.691   7.5654
85.69   7.5902
85.701   7.6148
85.651   7.6684
85.602   7.6925
85.566   7.7171
85.59   7.7419
85.568   7.7666
85.546   7.7916
85.532   7.8166
85.516   7.8415
85.491   7.8661
85.47   7.8904
85.46   7.9146
85.446   7.9389
85.414   7.9633
85.391   7.9877
85.373   8.0121
85.361   8.0367
85.346   8.0614
85.317   8.0865
85.287   8.1118
85.262   8.137
85.238   8.1615
85.224   8.186
85.205   8.2105
85.172   8.2355
85.149   8.2605
85.128   8.2852
85.109   8.3096
85.087   8.3622
85.048   8.3868
85.039   8.4112
85.027   8.4355
84.997   8.4601
84.971   8.485
84.956   8.5098
84.936   8.5348
84.907   8.5597
84.88   8.5849
84.854   8.61
84.844   8.6347
84.822   8.6592
84.805   8.6834
84.786   8.7081
84.763   8.7329
84.741   8.758
84.733   8.783
84.688   8.8378
84.668   8.8635
84.65   8.8891
84.631   8.9146
84.603   8.9397
84.578   8.9647
84.558   8.9895
84.541   9.0141
84.526   9.039
84.509   9.0641
84.481   9.0892
84.445   9.1143
84.419   9.1392
84.4   9.1644
84.374   9.1892
84.346   9.214
84.317   9.2385
84.312   9.2634
84.312   9.2884
84.295   9.3137
84.313   9.339
84.296   9.3643
84.3   9.3901
84.288   9.4156
84.252   9.4411
84.21   9.4668
84.171   9.4926
84.161   9.5475
84.139   9.573
84.099   9.5986
84.107   9.6242
84.098   9.6501
84.096   9.6758
84.068   9.7019
84.038   9.7282
84.021   9.7537
84.011   9.7791
83.995   9.8046
83.968   9.8303
83.941   9.8561
83.925   9.8816
83.907   9.9067
83.872   9.9321
83.857   9.9579
83.834   9.9839
83.772   10.0387
83.747   10.0644
83.725   10.0902
83.712   10.1161
83.709   10.1415
83.704   10.1665
83.674   10.1915
83.634   10.217
83.632   10.2426
83.592   10.2684
83.593   10.2943
83.587   10.3202
83.543   10.346
83.507   10.3717
83.492   10.3977
83.501   10.4237
83.511   10.4499
83.491   10.4757
83.453   10.5014
83.435   10.5272
83.426   10.553
83.382   10.579
83.389   10.6049
83.38   10.6309
83.364   10.657
83.35   10.6832
83.339   10.7094
83.263   10.7647
83.232   10.79
83.22   10.8153
83.202   10.8411
83.195   10.8674
83.184   10.8935
83.137   10.9195
83.109   10.9453
83.076   10.9717
83.05   10.9981
83.034   11.0244
83.013   11.0503
82.995   11.0761
82.98   11.1024
82.949   11.1285
82.926   11.155
82.906   11.1811
82.873   11.2073
82.82   11.2634
82.803   11.2905
82.79   11.3175
82.779   11.3441
82.763   11.3705
82.738   11.3965
82.713   11.4229
82.691   11.4491
82.662   11.4757
82.639   11.5026
82.596   11.5294
82.594   11.5562
82.576   11.5827
82.556   11.609
82.531   11.6354
82.51   11.6619
82.509   11.6884
82.506   11.715
82.495   11.7419
82.491   11.7694
82.479   11.7969
82.452   11.8246
82.428   11.8518
82.434   11.8786
82.42   11.9051
82.42   11.9315
82.422   11.9581
82.383   12.0159
82.359   12.043
82.329   12.0697
82.291   12.0959
82.261   12.122
82.246   12.1482
82.224   12.1749
82.233   12.2014
82.219   12.2283
82.208   12.2556
82.181   12.2828
82.161   12.3094
82.143   12.3355
82.117   12.3621
82.084   12.3888
82.031   12.4156
81.971   12.4426
81.944   12.4697
81.907   12.528
81.885   12.555
81.872   12.5827
81.842   12.6103
81.833   12.6382
81.807   12.6658
81.787   12.6933
81.778   12.7209
81.774   12.7484
81.763   12.776
81.742   12.8032
81.714   12.8301
81.688   12.8574
81.675   12.8852
81.645   12.9132
81.636   12.941
81.626   12.968
81.605   12.9953
81.581   13.0226
81.557   13.05
81.54   13.0771
81.525   13.1041
81.507   13.1316
81.498   13.1593
81.476   13.1872
81.443   13.2152
81.398   13.2433
81.368   13.3144
81.346   13.3542
81.32   13.381
81.304   13.4083
81.3   13.4356
81.291   13.4632
81.273   13.491
81.255   13.5186
81.229   13.5464
81.215   13.5739
81.183   13.6018
81.154   13.63
81.124   13.6581
81.11   13.6861
81.099   13.7137
81.083   13.7413
81.067   13.7688
81.034   13.829
81.024   13.857
81.021   13.8848
81.02   13.9127
81.002   13.9406
80.989   13.9689
80.969   13.9971
80.939   14.0252
80.919   14.0535
80.887   14.0821
80.859   14.1104
80.836   14.1391
80.813   14.1677
80.793   14.1961
80.767   14.2243
80.74   14.2523
80.716   14.2804
80.694   14.3087
80.688   14.3367
80.679   14.3649
80.664   14.3935
80.642   14.4221
80.625   14.4506
80.614   14.479
80.597   14.5075
80.573   14.5359
80.548   14.5643
80.487   14.6256
80.494   14.6543
80.472   14.6833
80.438   14.7125
80.417   14.7416
80.404   14.7705
80.38   14.7994
80.348   14.8283
80.326   14.857
80.311   14.8856
80.263   14.9143
80.239   14.9431
80.222   14.9721
80.192   15.0011
80.185   15.0301
80.18   15.0591
80.161   15.0881
80.135   15.1168
80.086   15.1793
80.064   15.2082
80.051   15.2372
80.043   15.2663
80.025   15.2953
80.002   15.3245
79.99   15.3539
79.972   15.3832
79.923   15.4126
79.922   15.4417
79.897   15.4707
79.87   15.5
79.847   15.5298
79.828   15.5597
79.801   15.5895
79.777   15.6186
79.766   15.6476
79.748   15.6767
79.741   15.7062
79.721   15.7361
79.713   15.7659
79.69   15.7954
79.681   15.8247
79.678   15.8538
79.668   15.8834
79.644   15.9132
79.619   15.9432
79.594   16.0071
79.571   16.0364
79.551   16.0659
79.525   16.0958
79.5   16.1261
79.479   16.1569
79.468   16.1871
79.45   16.2171
79.429   16.2468
79.412   16.2773
79.402   16.3077
79.38   16.338
79.344   16.3681
79.319   16.3986
79.301   16.4292
79.278   16.4597
79.246   16.4892
79.227   16.5185
79.194   16.5827
79.167   16.613
79.14   16.6437
79.12   16.6741
79.098   16.7043
79.079   16.7343
79.063   16.764
79.039   16.7942
79.016   16.8245
79.009   16.8549
78.995   16.8854
78.991   16.9154
78.985   16.9455
78.967   16.9757
78.959   17.006
78.936   17.0368
78.913   17.0672
78.894   17.0977
78.87   17.1275
78.845   17.1575
78.832   17.1881
78.817   17.2188
78.8   17.2496
78.781   17.2801
78.76   17.3104
78.752   17.3408
78.727   17.3711
78.676   17.4366
78.653   17.4665
78.63   17.4969
78.606   17.5284
78.579   17.5602
78.559   17.5919
78.546   17.6227
78.511   17.6533
78.5   17.6841
78.479   17.7152
78.457   17.7461
78.438   17.7771
78.425   17.8083
78.416   17.8399
78.397   17.871
78.373   17.9017
78.362   17.9323
78.317   17.9633
78.266   18.0311
78.251   18.0628
78.218   18.0947
78.202   18.1266
78.186   18.1579
78.17   18.1893
78.141   18.2207
78.104   18.2519
78.079   18.2833
78.063   18.3142
78.048   18.3451
78.034   18.376
78.008   18.4073
77.985   18.439
77.965   18.4705
77.948   18.5026
77.924   18.5341
77.893   18.5655
77.872   18.5967
77.849   18.6283
77.818   18.6607
77.794   18.6934
77.763   18.7257
77.754   18.7578
77.748   18.79
77.759   18.8222
77.74   18.8542
77.676   18.9224
77.642   18.9538
77.616   18.9855
77.591   19.0174
77.563   19.0493
77.541   19.0808
77.534   19.1129
77.529   19.1451
77.521   19.177
77.472   19.2086
77.467   19.2393
77.452   19.2703
77.448   19.302
77.428   19.3341
77.42   19.3668
77.414   19.3991
77.389   19.4312
77.366   19.4628
77.345   19.5309
77.336   19.5627
77.303   19.5945
77.285   19.6263
77.267   19.6585
77.245   19.6913
77.229   19.7242
77.205   19.7572
77.192   19.7897
77.188   19.8221
77.179   19.8547
77.163   19.8876
77.155   19.9212
77.143   19.9546
77.137   19.9875
77.117   20.0199
77.099   20.0521
77.085   20.0851
77.057   20.1184
77.035   20.1518
77.02   20.185
76.995   20.2178
76.961   20.2503
76.943   20.2822
76.928   20.315
76.889   20.348
76.866   20.3812
76.812   20.453
76.804   20.4856
76.773   20.5187
76.736   20.5512
76.711   20.5838
76.704   20.6165
76.698   20.6493
76.684   20.6828
76.666   20.7161
76.642   20.75
76.635   20.7841
76.607   20.8181
76.602   20.8519
76.595   20.8854
76.576   20.9188
76.557   20.9521
76.546   20.985
76.544   21.018
76.527   21.09
76.523   21.1243
76.522   21.1584
76.498   21.1927
76.46   21.2263
76.44   21.2597
76.433   21.2932
76.403   21.3267
76.374   21.3606
76.352   21.3954
76.326   21.4301
76.301   21.464
76.28   21.4974
76.256   21.5306
76.233   21.5646
76.213   21.599
76.193   21.6335
76.168   21.6679
76.152   21.7015
76.127   21.7352
76.103   21.7691
76.075   21.8038
76.049   21.8386
76.021   21.8728
75.993   21.907
75.971   21.9414
75.931   21.9763
75.899   22.0509
75.889   22.0853
75.869   22.1201
75.853   22.1559
75.862   22.1919
75.831   22.2268
75.801   22.2606
75.777   22.2939
75.747   22.328
75.713   22.363
75.682   22.3982
75.662   22.4329
75.637   22.4674
75.614   22.5017
75.587   22.5363
75.556   22.5711
75.535   22.6057
75.513   22.6408
75.476   22.714
75.443   22.7489
75.411   22.7843
75.382   22.8196
75.359   22.855
75.354   22.8899
75.329   22.925
75.306   22.9598
75.31   22.9953
75.301   23.0304
75.308   23.0661
75.306   23.1015
75.298   23.1366
75.304   23.1721
75.304   23.2087
75.296   23.2453
75.301   23.2817
75.294   23.3165
75.283   23.3509
75.257   23.3855
75.233   23.4211
75.209   23.4572
75.18   23.4931
75.153   23.5282
75.132   23.5632
75.125   23.5984
75.118   23.6343
75.075   23.7111
75.055   23.7464
75.045   23.7821
75.016   23.8185
74.987   23.8545
74.956   23.8905
74.964   23.9267
74.952   23.9641
74.917   24.0015
74.901   24.0381
74.882   24.0748
74.849   24.1117
74.823   24.1493
74.813   24.1865
74.802   24.2233
74.786   24.2593
74.768   24.2962
74.74   24.3332
74.72   24.4116
74.709   24.4486
74.683   24.486
74.656   24.5234
74.628   24.5603
74.605   24.5969
74.589   24.6333
74.557   24.6701
74.537   24.7069
74.508   24.744
74.485   24.7821
74.462   24.8194
74.418   24.8563
74.393   24.8925
74.371   24.9286
74.348   24.9659
74.332   25.0034
74.321   25.0411
74.303   25.0776
74.281   25.1138
74.254   25.1506
74.256   25.1886
74.245   25.2268
74.214   25.2651
74.187   25.3024
74.154   25.3395
74.131   25.3766
74.068   25.478
74.032   25.5531
73.998   25.6287
73.96   25.7047
73.931   25.7815
73.92   25.82
73.918   25.8975
73.888   25.9754
73.837   26.0527
73.808   26.11
73.745   26.1908
73.695   26.2293
73.703   26.268
73.717   26.3075
73.715   26.3466
73.706   26.3859
73.693   26.4247
73.672   26.4636
73.646   26.503
73.622   26.5429
73.609   26.5831
73.596   26.6226
73.567   26.662
73.561   26.7012
73.539   26.7403
73.507   26.7795
73.471   26.8187
73.45   26.8586
73.44   26.8982
73.428   26.938
73.416   26.9779
73.423   27.0175
73.418   27.0573
73.395   27.0972
73.375   27.1375
73.375   27.1778
73.375   27.2172
73.343   27.3026
73.33   27.3416
73.296   27.381
73.271   27.4204
73.264   27.46
73.256   27.5004
73.248   27.5398
73.212   27.5796
73.196   27.6191
73.189   27.6595
73.162   27.7001
73.136   27.7399
73.127   27.7791
73.128   27.8185
73.107   27.8589
73.093   27.8999
73.085   27.9412
73.055   27.9821
73.021   28.068
72.998   28.1079
73.009   28.1477
73.008   28.1884
72.99   28.2295
72.939   28.2711
72.906   28.3123
72.893   28.3538
72.902   28.3947
72.895   28.4357
72.858   28.4769
72.821   28.5183
72.794   28.5597
72.775   28.601
72.755   28.6419
72.733   28.6832
72.712   28.7247
72.7   28.7667
72.738   28.8088
72.755   28.851
72.753   28.8931
72.732   28.9348
72.706   28.9763
72.697   29.018
72.688   29.0592
72.686   29.101
72.677   29.1426
72.647   29.2328
72.625   29.2747
72.617   29.3165
72.607   29.358
72.581   29.3998
72.559   29.442
72.532   29.4844
72.49   29.5274
72.456   29.5706
72.439   29.614
72.432   29.6571
72.412   29.6999
72.378   29.7422
72.362   29.7847
72.342   29.8268
72.317   29.8694
72.295   29.9121
72.277   29.955
72.28   30.0463
72.271   30.0893
72.249   30.1331
72.222   30.1773
72.209   30.2216
72.196   30.2651
72.184   30.3084
72.156   30.3514
72.158   30.3943
72.139   30.4382
72.113   30.4821
72.097   30.5264
72.089   30.5707
72.087   30.6144
72.1   30.6579
72.098   30.7015
72.104   30.7451
72.09   30.7893
72.12   30.8331
72.109   30.8772
72.097   30.9214
72.089   30.9654
72.073   31.0093
72.049   31.0528
72.027   31.0969
72.007   31.1419
71.984   31.1875
71.968   31.2835
71.973   31.3282
71.966   31.3728
71.958   31.4174
71.932   31.4619
71.92   31.5071
71.894   31.5522
71.87   31.5973
71.862   31.642
71.847   31.687
71.826   31.7319
71.809   31.7768
71.782   31.8216
71.789   31.8666
71.78   31.912
71.764   31.9572
71.725   32.0028
71.709   32.0487
71.699   32.1462
71.7   32.1922
71.693   32.2385
71.685   32.2854
71.678   32.3321
71.657   32.3787
71.619   32.4249
71.595   32.4703
71.544   32.5162
71.527   32.5626
71.515   32.6091
71.512   32.6559
71.511   32.7027
71.505   32.75
71.503   32.7967
71.511   32.8435
71.515   32.8901
71.499   32.9371
71.47   32.984
71.438   33.0305
71.445   33.0773
71.429   33.1245
71.418   33.1718
71.411   33.2191
71.415   33.2667
71.41   33.3141
71.396   33.3618
71.401   33.4648
71.417   33.5126
71.423   33.5612
71.388   33.6099
71.338   33.6591
71.31   33.7075
71.305   33.7561
71.296   33.8039
71.263   33.8522
71.272   33.9003
71.306   33.9482
71.313   33.9964
71.276   34.0448
71.238   34.0933
71.228   34.142
71.187   34.1906
71.17   34.2398
71.155   34.2887
71.224   34.395
71.191   34.4443
71.171   34.4933
71.162   34.542
71.15   34.5908
71.164   34.6398
71.191   34.6895
71.19   34.7388
71.16   34.7888
71.165   34.8385
71.131   34.888
71.111   34.9371
71.122   34.986
71.105   35.0356
71.114   35.0857
71.122   35.1362
71.142   35.1866
71.137   35.2368
71.103   35.2873
71.078   35.3381
71.049   35.3889
71.019   35.4398
70.992   35.4911
70.964   35.5425
70.933   35.5939
70.918   35.6447
70.908   35.6955
70.89   35.8031
70.882   35.8541
70.86   35.9048
70.827   35.9558
70.816   36.0066
70.828   36.0584
70.886   36.111
70.895   36.1641
70.9   36.2167
70.905   36.2689
70.878   36.3208
70.835   36.3731
70.809   36.4255
70.803   36.4773
70.801   36.5292
70.808   36.5809
70.829   36.6338
70.839   36.6868
70.812   36.8013
70.786   36.8537
70.799   36.9066
70.758   36.9596
70.741   37.0131
70.726   37.0667
70.728   37.1199
70.733   37.1736
70.73   37.2279
70.724   37.2819
70.724   37.3357
70.729   37.3891
70.718   37.443
70.697   37.4972
70.672   37.5522
70.632   37.6067
70.587   37.6615
70.575   37.7158
70.58   37.7701
70.62   37.8247
70.667   37.8793
70.673   37.9343
70.663   37.9891
70.641   38.0439
70.633   38.0987
70.614   38.1537
70.574   38.2091
70.554   38.3285
70.567   38.3843
70.582   38.4397
70.573   38.495
70.562   38.55
70.564   38.6056
70.564   38.6616
70.539   38.7178
70.516   38.7746
70.544   38.8307
70.544   38.8872
70.555   38.9437
70.592   39.0004
70.641   39.0571
70.618   39.114
70.594   39.1711
70.599   39.2284
70.6   39.2857
70.624   39.4105
70.651   39.4673
70.663   39.5247
70.641   39.5826
70.64   39.6405
70.579   39.6986
70.549   39.7566
70.524   39.8149
70.534   39.8729
70.511   39.9314
70.504   39.9892
70.52   40.0472
70.519   40.1052
70.514   40.164
70.504   40.2225
70.51   40.2812
70.499   40.3396
70.48   40.3983
70.497   40.4571
70.502   40.5161
70.486   40.5754
70.457   40.6354
70.442   40.6958
70.429   40.7564
70.403   40.8162
70.398   40.8765
70.404   40.9367
70.385   41.0661
70.385   41.1272
70.408   41.1883
70.424   41.2492
70.449   41.3093
70.457   41.3691
70.475   41.4293
70.468   41.4903
70.443   41.5517
70.44   41.6129
70.437   41.6744
70.471   41.7364
70.437   41.7985
70.419   41.8604
70.442   41.9224
70.418   41.9843
70.401   42.0465
70.406   42.1084
70.418   42.2452
70.432   42.3071
70.422   42.3696
70.402   42.4322
70.396   42.4953
70.376   42.5587
70.366   42.6232
70.398   42.6873
70.406   42.7511
70.417   42.8144
70.417   42.8773
70.393   42.9409
70.374   43.0044
70.37   43.0687
70.393   43.1326
70.421   43.1964
70.415   43.2603
70.439   43.3247
70.436   43.39
70.418   43.4556
70.465   43.5213
70.455   43.587
70.483   43.652
70.484   43.7169
70.468   43.7812
70.448   43.8462
70.443   43.912
70.437   44.0534
70.42   44.12
70.459   44.186
70.486   44.2523
70.503   44.3187
70.511   44.3853
70.485   44.4518
70.481   44.5185
70.465   44.5858
70.43   44.6537
70.412   44.7221
70.411   44.791
70.394   44.86
70.38   44.9284
70.37   44.9965
70.368   45.0644
70.406   45.1327
70.435   45.2014
70.44   45.3499
70.425   45.4195
70.406   45.489
70.393   45.5575
70.387   45.6257
70.373   45.6943
70.376   45.7633
70.434   45.8332
70.459   45.9036
70.47   45.974
70.475   46.0447
70.457   46.1151
70.464   46.1858
70.464   46.2561
70.449   46.3271
70.408   46.3984
70.385   46.4703
70.392   46.5419
70.382   46.6144
70.42   46.6864
70.455   46.7587
70.425   46.8309
70.4   46.903
70.399   46.976
70.376   47.0492
70.349   47.1235
70.352   47.198
70.495   47.3541
70.559   47.4283
70.565   47.5025
70.537   47.5767
70.495   47.6509
70.471   47.7254
70.442   47.8002
70.435   47.8754
70.436   47.9503
70.456   48.026
70.51   48.1012
70.523   48.1767
70.491   48.2523
70.481   48.3281
70.516   48.4048
70.54   48.4816
70.523   48.5588
70.524   48.6358
70.513   48.799
70.569   48.8758
70.552   48.9537
70.54   49.0324
70.543   49.1122
70.587   49.1912
70.66   49.2703
70.684   49.3486
70.643   49.4271
70.646   49.5061
70.693   49.5856
70.779   49.6645
70.869   49.7437
70.864   49.8232
70.862   49.903
70.887   49.9826
70.911   50.0625
70.921   50.1427
70.933   50.223
70.946   50.3038
70.926   50.3849
70.861   50.4667
70.865   50.5486
70.825   50.6303
70.812   50.7121
70.815   50.7942
70.839   50.8763
70.874   51.053
70.877   51.1359
70.901   51.2189
70.916   51.3013
70.908   51.3846
70.93   51.469
70.97   51.5542
71.028   51.6387
71.047   51.7227
71.105   51.807
71.137   51.892
71.151   51.9771
71.162   52.063
71.156   52.1495
71.152   52.2364
71.16   52.3233
71.16   52.4092
71.138   52.4951
71.282   52.6781
71.279   52.7648
71.251   52.8523
71.214   52.9406
71.234   53.0292
71.223   53.1185
71.248   53.2071
71.28   53.2962
71.314   53.3858
71.348   53.4755
71.37   53.5648
71.397   53.6534
71.443   53.7425
71.401   53.8324
71.41   53.923
71.503   54.0134
71.562   54.1047
71.624   54.1968
71.661   54.2909
71.697   54.3848
71.741   54.4782
71.797   54.5707
71.838   54.6627
71.839   54.7547
71.843   54.848
71.833   54.9416
71.87   55.0358
72.06   55.2365
72.125   55.3315
72.215   55.4272
72.311   55.5239
72.382   55.6212
72.405   55.7183
72.433   55.8151
72.499   55.9122
72.563   56.0106
72.599   56.1094
72.596   56.2078
72.685   56.3053
72.696   56.4037
72.764   56.5031
72.799   56.6026
72.808   56.7026
72.82   56.8027
72.881   56.9037
73.056   57.1215
73.138   57.2238
73.238   57.3259
73.356   57.4281
73.465   57.5307
73.468   57.6341
73.499   57.7381
73.621   57.8421
73.729   57.946
73.77   58.0509
73.812   58.1551
73.897   58.2607
74.016   58.3665
74.106   58.4727
74.207   58.5782
74.406   58.6839
74.637   58.7894
74.819   58.8962
74.893   59.0062
74.992   59.1174
75.081   59.2304
75.164   59.3418
75.224   59.4521
75.194   59.5616
75.116   59.6716
75.11   59.7834
75.21   59.8966
75.419   60.1378
75.514   60.2512
75.776   60.3649
76.199   60.4798
76.483   60.5952
76.594   60.7108
76.704   60.8269
76.99   60.9427
77.138   61.0579
77.158   61.1748
77.231   61.2921
77.292   61.4117
77.396   61.5318
77.592   61.652
77.808   61.771
77.908   61.8925
78.123   62.0199
78.412   62.1482
79.064   62.4227
79.366   62.5496
79.619   62.6789
79.932   62.8041
80.223   62.9304
80.461   63.0582
80.668   63.1845
80.88   63.3132
81.298   63.439
81.567   63.5622
82.033   63.6885
82.206   63.82
82.521   63.9499
82.853   64.086
83.553   64.2197
84.213   64.3588
84.769   64.4976
85.437   64.6326
86.069   64.7726
86.485   64.9115
86.961   65.0448
87.342   65.1839
87.909   65.3224
88.47   65.4661
89.128   65.6066
89.741   65.7474
90.311   65.8902
91.306   66.1902
91.59   66.3339
92.071   66.4782
92.656   66.6206
93.06   66.7639
93.417   66.9073
93.885   67.0559
95.224   67.2032
95.854   67.3544
96.364   67.5122
96.889   67.6676
97.724   67.8284
98.39   67.9963
98.921   68.1636
99.465   68.3305
100.123   68.4983
101.086   68.6647
101.633   68.8328
102.42   69.1823
102.582   69.3458
102.841   69.5098
103.172   69.6765
104.041   69.8486
104.521   70.0182
104.679   70.192
104.95   70.3677
105.227   70.5472
105.479   70.7231
105.688   70.8981
106.038   71.0693
106.6   71.2451
107.077   71.4322
107.706   71.6261
108.969   71.8231
110.229   72.0182
110.832   72.2145
111.785   72.3986
112.17   72.582
112.549   72.7576
113.042   72.9395
113.519   73.1307
113.897   73.3201
114.269   73.5021
114.7   73.6864
114.977   73.8781
115.286   74.288
115.668   74.4825
116.011   74.6759
116.218   74.8734
116.491   75.0768
116.889   75.2798
117.491   75.4818
117.879   75.6871
118.088   75.8846
118.159   76.0727
118.057   76.2666
118.136   76.464
118.651   76.6687
119.733   76.8738
120.348   77.0806
120.425   77.2837
120.485   77.4891
120.598   77.6891
120.925   78.1305
121.501   78.3332
122.323   78.5527
123.19   78.7649
123.593   78.9809
123.837   79.2037
124.188   79.4273
124.608   79.6465
124.942   79.8556
125.194   80.0651
125.258   80.2822
125.308   80.5116
125.848   80.7406
126.037   80.9781
126.868   81.2076
127.446   81.4392
127.751   81.6685
127.931   81.8954
128   82.126
128.096   82.3504
128.149   82.575
128.286   82.8048
128.492   83.0463
128.655   83.2759
128.873   83.509
129.277   83.7506
129.714   83.9959
130.045   84.5115
130.351   84.7571
130.717   85.0097
131.045   85.2733
131.581   85.5431
132.056   85.8131
132.281   86.0827
132.571   86.3388
132.813   86.5823
132.751   86.8373
132.795   87.0993
132.987   87.3606
133.126   87.6188
133.226   87.8735
133.686   88.1334
134.487   88.4118
135.226   88.7003
135.396   89.0058
135.687   89.6056
135.869   89.8775
136.02   90.1603
136.536   90.4474
137.026   90.7358
137.128   91.0231
136.98   91.3111
137.1   91.5986
137.64   91.8864
137.726   92.1643
137.559   92.4465
137.495   92.7216
137.244   93.0172
137.17   93.3254
137.554   93.6296
137.706   93.9379
137.759   94.2452
137.935   94.5479
138.231   94.8506
138.717   95.1527
139.217   95.4582
139.359   95.7711
139.569   96.0796
139.863   96.4023
140.137   96.7199
140.566   97.0342
140.951   97.3403
141.071   97.9922
141.274   98.3143
141.934   98.6241
142.039   98.9334
141.964   99.2449
141.651   99.5774
141.408   99.9224
141.23   100.2728
141.558   100.6029
141.927   100.9327
141.962   101.2807
142.459   101.6428
142.966   102.0095
142.987   102.3801
143.133   102.7446
142.889   103.1205
143.172   103.4794
143.385   103.834
143.326   104.5922
142.954   104.9784
143.209   105.3474
143.482   105.7031
143.636   106.0689
143.886   106.45
144.53   106.8207
144.895   107.2011
145.727   107.5755
146.129   107.9476
146.439   108.3023
146.304   108.6585
146.024   109.0188
145.876   109.3776
146.005   109.7271
146.16   110.0623
146.299   110.38
146.285   110.6889
146.236   110.999
146.497   111.2928
146.666   111.5752
146.835   111.8458
147.151   112.1008
147.332   112.333
147.563   112.5461
148.071   112.7271
148.29   112.8822
148.556   113.2173
148.554   113.3915
148.766   113.5566
148.884   113.723
148.96   113.8923
149.049   114.0618
149.272   114.2145
149.594   114.3694
150.068   114.5243
150.693   114.6925
150.995   114.8707
151.197   115.0465
151.293   115.2227
151.349   115.3966
151.426   115.5752
151.587   115.7543
151.742   115.9334
151.875   116.1132
152.964   116.5052
153.087   116.6733
153.16   116.8603
153.236   117.0344
153.243   117.2106
153.231   117.3881
153.282   117.5595
153.447   117.7334
153.647   117.9207
153.756   118.1101
153.669   118.2961
153.628   118.4758
153.517   118.649
153.413   118.8256
153.302   119.0111
153.219   119.1961
153.172   119.3671
153.246   119.5253
153.303   119.7057
153.432   119.8782
153.556   120.0605
153.545   120.2443
153.539   120.4256
153.644   120.6084
153.827   120.7875
154.11   120.9834
154.583   121.1947
155.012   121.6416
155.166   121.8273
155.517   122.0271
155.562   122.2142
155.655   122.4151
155.746   122.6303
155.75   122.8248
155.601   123.0286
155.44   123.1974
155.289   123.3607
155.122   123.5152
154.988   123.6965
155.001   123.8865
155.066   124.0913
154.983   124.2986
154.94   124.4977
155.114   124.6971
155.248   124.8945
155.335   125.2999
155.317   125.4946
155.275   125.6888
155.225   125.8777
155.174   126.0851
155.141   126.291
155.097   126.4772
155.028   126.6683
155.023   126.8577
155.108   127.0729
155.145   127.2704
155.084   127.4635
154.963   127.6641
154.905   127.8523
154.839   128.0671
154.883   128.272
154.966   128.4708
155.131   128.681
155.382   128.8821
155.64   129.1121
155.772   129.3199
155.796   129.5192
155.862   129.7284
155.973   129.92
155.991   130.1324
155.997   130.3445
155.991   130.5605
155.951   131.0326
156.012   131.247
155.987   131.4652
155.906   131.6947
155.86   131.9054
155.791   132.1237
155.748   132.3218
155.799   132.5272
156.011   132.7565
156.387   132.9766
156.807   133.2055
157.086   133.4192
157.162   133.622
157.273   133.8315
157.634   134.0644
158.208   134.2933
158.559   134.5369
159.201   134.7725
159.799   135.2548
159.869   135.4809
159.938   135.6989
159.951   135.915
159.927   136.14
159.922   136.3774
159.855   136.6039
159.71   136.8443
159.568   137.0759
159.396   137.3239
159.274   137.5669
159.213   137.7934
159.175   138.0206
159.353   138.2526
159.638   138.4937
159.668   138.7347
159.728   138.9835
159.643   139.2582
159.66   139.5292
159.7   139.7788
159.757   140.0069
159.814   140.2163
159.96   140.4486
160.177   140.6957
160.275   140.9445
160.396   141.1993
160.467   141.4505
160.552   141.984
160.591   142.2505
160.584   142.5118
160.6   142.7775
160.697   143.0411
160.839   143.3233
160.656   143.6257
160.867   143.9059
160.938   144.1843
161.061   144.4362
161.202   144.7019
161.358   144.971
161.572   145.2158
161.773   145.4578
161.857   145.7167
161.852   145.992
161.899   146.2851
161.956   146.5515
162.212   147.0976
162.366   147.372
162.62   147.6756
162.742   147.987
162.984   148.2757
163.178   148.5481
163.314   148.8283
163.54   149.0902
163.804   149.3543
164.016   149.6252
164.266   149.8941
164.623   150.1785
