 5.591417E-12
 5.131710E-22
 8.178479E-32
 1.267432E-41
 2.722239E-51
 1.190571E-51
 2.371812E-51
 8.387462E-46
 3.811287E-39
 3.725334E-32
 4.211791E-25
 2.150397E-18
 1.591688E-12
 7.590397E-08
 2.012634E-04
 4.938417E-02
 1.708415E+00
 1.430938E+01
 4.991596E+01
 8.824630E+01
 7.170431E+01
 3.228448E+01
 1.020775E+01
 2.946408E+00
 9.767180E-01
 1.998587E-01
 1.747630E-02
 6.704186E-04
 1.214438E-05
 1.098349E-07
 5.157220E-10
 1.294564E-12
 1.780165E-15
 1.371799E-18
 6.065866E-22
 1.080025E-08
 6.541151E-19
 6.761958E-29
 6.654508E-39
 6.939469E-49
 1.181634E-51
 6.626333E-50
 5.223323E-44
 1.255489E-37
 6.237657E-31
 3.526984E-24
 9.336860E-18
 3.982355E-12
 1.270812E-07
 2.603673E-04
 5.535199E-02
 1.797712E+00
 1.470242E+01
 5.071846E+01
 8.897767E+01
 7.179891E+01
 3.211123E+01
 1.009968E+01
 2.905765E+00
 9.609897E-01
 1.964797E-01
 1.719724E-02
 6.611317E-04
 1.200786E-05
 1.088927E-07
 5.125734E-10
 1.289463E-12
 1.776498E-15
 1.371125E-18
 6.071200E-22
