      0.00000
      0.00000
      0.00000
      0.00000
      0.00000
 -1.00000e-11
      0.00000
      0.00000
      0.00000
      0.00000
      0.00000
      0.00000
      0.00000
      0.00000
      0.00000
  1.00001e-12
      0.00000
 -9.99964e-14
      0.00000
  9.99964e-14
      0.00000
 -2.00000e-13
 -2.99996e-13
 -6.00006e-13
 -5.99999e-13
      0.00000
      0.00000
 -2.99999e-12
 -5.00000e-12
 -7.00000e-12
 -9.00001e-12
 -9.00000e-12
 -1.00000e-11
 -1.00000e-11
 -1.10000e-11
 -1.10000e-11
 -1.20000e-11
 -1.20000e-11
 -1.20000e-11
 -1.20000e-11
 -1.20000e-11
 -1.20000e-11
 -1.10000e-11
 -1.10000e-11
 -1.00000e-11
 -1.00000e-11
 -1.00000e-11
 -1.00000e-11
 -9.00000e-12
 -8.60000e-12
