5.404    0.0
5.4046   0.002597
5.4014   0.01572
5.3954   0.036647
5.3904   0.058008
5.3854   0.079115
5.3803   0.10011
5.3755   0.12098
5.3652   0.16729
5.3592   0.18905
5.3542   0.2107
5.3496   0.23209
5.3441   0.25308
5.3393   0.27396
5.3337   0.29486
5.3278   0.31592
5.332    0.33713
5.3308   0.35832
5.3263   0.37939
5.3212   0.40048
5.3161   0.42159
5.311    0.44272
5.3053   0.46401
5.3      0.48533
5.2957   0.50652
5.2906   0.52773
5.2854   0.54897
5.2803   0.5705
5.2757   0.5922
5.2713   0.61377
5.2672   0.63522
5.2628   0.65655
5.258    0.67762
5.2538   0.69884
5.2493   0.72023
5.2384   0.76655
5.2329   0.78814
5.2283   0.80962
5.2236   0.83111
5.2188   0.85276
5.2135   0.87429
5.2086   0.89599
5.2045   0.91713
5.2003   0.9383
5.1957   0.95948
5.1913   0.98082
5.1876   1.0023
5.1838   1.0237
5.1793   1.0454
5.1751   1.0671
5.1713   1.0889
5.167    1.1111
5.1623   1.1331
5.1536   1.1788
5.1501   1.2002
5.1456   1.2217
5.1415   1.2433
5.1372   1.2651
5.1332   1.287
5.1292   1.3088
5.1252   1.3304
5.1211   1.3522
5.1168   1.3741
5.1129   1.396
5.109   1.4178
5.1048   1.4391
5.1009   1.4604
5.0964   1.4817
5.0923   1.5032
5.0887   1.5248
5.0847   1.5462
5.0805   1.5674
5.0767   1.5887
5.0728   1.6101
5.0689   1.6316
5.0651   1.653
5.0606   1.6744
5.0567   1.6959
5.0526   1.7174
5.0488   1.7391
5.0401   1.7855
5.036   1.8072
5.0316   1.829
5.0276   1.8504
5.0232   1.8719
5.0195   1.8934
5.0148   1.9152
5.01   1.9371
5.0061   1.9589
5.002   1.9809
4.9976   2.0028
4.9933   2.0249
4.9892   2.0468
4.9852   2.0686
4.981   2.0901
4.9764   2.1118
4.9726   2.1332
4.9681   2.1547
4.9589   2.2013
4.9547   2.2229
4.9505   2.2449
4.946   2.2669
4.9419   2.2888
4.9381   2.3104
4.9332   2.3321
4.9291   2.3539
4.925   2.3758
4.9206   2.3978
4.9168   2.4196
4.9123   2.4414
4.9081   2.4632
4.9038   2.4854
4.9002   2.5076
4.8958   2.5299
4.8908   2.5522
4.886   2.5743
4.8815   2.5959
4.8771   2.6176
4.8734   2.6393
4.8697   2.6613
4.8647   2.6834
4.8608   2.7053
4.856   2.7274
4.8516   2.7493
4.8473   2.7713
4.8371   2.8188
4.8326   2.8413
4.8279   2.8638
4.8236   2.8864
4.8196   2.9088
4.8152   2.9311
4.8105   2.9532
4.8059   2.9752
4.8013   2.9974
4.7967   3.0194
4.7924   3.0415
4.7877   3.0633
4.7832   3.0853
4.778   3.1074
4.7731   3.1296
4.7684   3.1516
4.7636   3.1737
4.7597   3.1957
4.75   3.2438
4.7457   3.2664
4.7417   3.289
4.7378   3.3115
4.7335   3.3339
4.7291   3.3566
4.7257   3.3791
4.7202   3.4015
4.7157   3.4241
4.7114   3.4466
4.7075   3.4691
4.7031   3.4914
4.6985   3.5139
4.6942   3.5365
4.6901   3.5589
4.686   3.5812
4.6819   3.6033
4.6781   3.6259
4.6736   3.6486
4.6694   3.6712
4.6646   3.6938
4.6605   3.7163
4.6559   3.7389
4.6521   3.7615
4.6477   3.7843
4.6435   3.8067
4.6396   3.8291
4.6307   3.8781
4.6268   3.9005
4.6225   3.9231
4.6184   3.945
4.6143   3.9675
4.6101   3.99
4.6053   4.0125
4.6009   4.0352
4.5969   4.0577
4.5922   4.0808
4.5877   4.1039
4.5831   4.1268
4.5788   4.1494
4.5746   4.1719
4.5706   4.1944
4.566   4.2175
4.561   4.2405
4.5568   4.2638
4.5476   4.3129
4.5434   4.3355
4.5392   4.358
4.5343   4.3807
4.5308   4.4036
4.5259   4.4265
4.5216   4.4495
4.5173   4.4719
4.5121   4.4947
4.5074   4.5174
4.503   4.5403
4.4987   4.5633
4.4942   4.5861
4.4894   4.6087
4.4849   4.6315
4.4801   4.6541
4.4767   4.6768
4.4728   4.6995
4.4682   4.722
4.4645   4.7447
4.4599   4.7677
4.4553   4.7908
4.4506   4.8137
4.4461   4.8369
4.442   4.8601
4.4378   4.8833
4.4334   4.9063
4.4237   4.9557
4.4191   4.9785
4.4143   5.0016
4.4097   5.0247
4.4065   5.0472
4.4017   5.0697
4.3972   5.0925
4.393   5.1156
4.3889   5.1389
4.3847   5.162
4.3805   5.1852
4.3762   5.2088
4.3717   5.2323
4.3676   5.2559
4.3634   5.2793
4.3592   5.3026
4.3559   5.3258
4.3515   5.3486
4.3416   5.399
4.3364   5.4224
4.3323   5.4461
4.3287   5.4693
4.3246   5.4925
4.3202   5.5155
4.3155   5.5387
4.3106   5.5619
4.3058   5.5854
4.3014   5.6089
4.2968   5.6322
4.2927   5.6557
4.2889   5.679
4.2844   5.703
4.2806   5.7271
4.2761   5.751
4.2722   5.7748
4.2679   5.7986
4.2638   5.8222
4.259   5.8457
4.254   5.8693
4.2496   5.8926
4.2451   5.9162
4.241   5.94
4.2369   5.9638
4.2325   5.9876
4.2278   6.0113
4.2176   6.0627
4.2133   6.0863
4.2093   6.1101
4.2047   6.1341
4.2004   6.1575
4.1959   6.1812
4.1917   6.2049
4.1876   6.2292
4.1838   6.2533
4.1794   6.2776
4.1751   6.3016
4.1714   6.3252
4.1674   6.3489
4.1635   6.3724
4.1601   6.3965
4.1561   6.4204
4.1518   6.4445
4.1482   6.4685
4.1397   6.5193
4.1353   6.5431
4.1308   6.567
4.1259   6.5911
4.1202   6.6149
4.1161   6.6388
4.1115   6.6626
4.1073   6.6865
4.104   6.7102
4.0988   6.7341
4.0944   6.7583
4.0898   6.783
4.0853   6.8077
4.0809   6.8319
4.0767   6.8561
4.073   6.8799
4.0692   6.9038
4.0651   6.9279
4.0609   6.9522
4.057   6.9764
4.053   7.0005
4.0486   7.0249
4.0444   7.0495
4.0402   7.0737
4.0364   7.0978
4.0324   7.1219
4.0287   7.1462
4.0196   7.1993
4.0157   7.2235
4.0116   7.2479
4.0072   7.2722
4.0022   7.2967
3.9985   7.3208
3.9944   7.345
3.9902   7.3693
3.9861   7.3943
3.9819   7.4189
3.9769   7.4436
3.971   7.4677
3.9662   7.4918
3.9624   7.516
3.959   7.5406
3.9555   7.5654
3.9502   7.5902
3.9444   7.6148
3.9352   7.6684
3.9324   7.6925
3.9287   7.7171
3.9223   7.7419
3.9179   7.7666
3.9135   7.7916
3.9089   7.8166
3.9043   7.8415
3.9002   7.8661
3.8961   7.8904
3.8914   7.9146
3.8868   7.9389
3.8831   7.9633
3.879   7.9877
3.8746   8.0121
3.87   8.0367
3.8654   8.0614
3.8613   8.0865
3.8574   8.1118
3.8533   8.137
3.8493   8.1615
3.8449   8.186
3.8405   8.2105
3.8367   8.2355
3.8325   8.2605
3.8283   8.2852
3.8241   8.3096
3.814   8.3622
3.8106   8.3868
3.806   8.4112
3.8015   8.4355
3.7976   8.4601
3.7936   8.485
3.7891   8.5098
3.7848   8.5348
3.7809   8.5597
3.7769   8.5849
3.7729   8.61
3.7683   8.6347
3.7642   8.6592
3.76   8.6834
3.7557   8.7081
3.7516   8.7329
3.7473   8.758
3.7426   8.783
3.7331   8.8378
3.7287   8.8635
3.7243   8.8891
3.7199   8.9146
3.7161   8.9397
3.7122   8.9647
3.708   8.9895
3.7038   9.0141
3.6993   9.039
3.6949   9.0641
3.691   9.0892
3.6875   9.1143
3.6837   9.1392
3.6794   9.1644
3.6755   9.1892
3.6718   9.214
3.6681   9.2385
3.6632   9.2634
3.6581   9.2884
3.6537   9.3137
3.6477   9.339
3.6433   9.3643
3.6378   9.3901
3.6332   9.4156
3.6296   9.4411
3.6263   9.4668
3.6229   9.4926
3.6124   9.5475
3.6082   9.573
3.6048   9.5986
3.5994   9.6242
3.5945   9.6501
3.5895   9.6758
3.5854   9.7019
3.5814   9.7282
3.5773   9.7537
3.5727   9.7791
3.5683   9.8046
3.5644   9.8303
3.5604   9.8561
3.5561   9.8816
3.552   9.9067
3.5484   9.9321
3.544   9.9579
3.5398   9.9839
3.5318   10.0387
3.5278   10.0644
3.5237   10.0902
3.5192   10.1161
3.5144   10.1415
3.5098   10.1665
3.5061   10.1915
3.5028   10.217
3.4979   10.2426
3.4945   10.2684
3.4895   10.2943
3.4847   10.3202
3.4815   10.346
3.4781   10.3717
3.4737   10.3977
3.4683   10.4237
3.4627   10.4499
3.4586   10.4757
3.4552   10.5014
3.4511   10.5272
3.4464   10.553
3.4433   10.579
3.438   10.6049
3.4334   10.6309
3.4289   10.657
3.4245   10.6832
3.4199   10.7094
3.4126   10.7647
3.4093   10.79
3.4049   10.8153
3.4007   10.8411
3.3959   10.8674
3.3914   10.8935
3.3885   10.9195
3.3848   10.9453
3.3811   10.9717
3.3773   10.9981
3.373   11.0244
3.369   11.0503
3.3649   11.0761
3.3605   11.1024
3.3569   11.1285
3.3528   11.155
3.3488   11.1811
3.3453   11.2073
3.3368   11.2634
3.3323   11.2905
3.3279   11.3175
3.3234   11.3441
3.3191   11.3705
3.3154   11.3965
3.3114   11.4229
3.3075   11.4491
3.3037   11.4757
3.2996   11.5026
3.2964   11.5294
3.2916   11.5562
3.2874   11.5827
3.2834   11.609
3.2795   11.6354
3.2755   11.6619
3.2706   11.6884
3.2658   11.715
3.2612   11.7419
3.2562   11.7694
3.2516   11.7969
3.2476   11.8246
3.2437   11.8518
3.2386   11.8786
3.2343   11.9051
3.2295   11.9315
3.2245   11.9581
3.2154   12.0159
3.2115   12.043
3.2079   12.0697
3.2048   12.0959
3.2013   12.122
3.1972   12.1482
3.1932   12.1749
3.1881   12.2014
3.1836   12.2283
3.1791   12.2556
3.1754   12.2828
3.1715   12.3094
3.1676   12.3355
3.1638   12.3621
3.1603   12.3888
3.1576   12.4156
3.1552   12.4426
3.1515   12.4697
3.1424   12.528
3.1385   12.555
3.134   12.5827
3.1303   12.6103
3.1256   12.6382
3.1218   12.6658
3.1178   12.6933
3.1132   12.7209
3.1085   12.7484
3.104   12.776
3.1001   12.8032
3.0965   12.8301
3.0927   12.8574
3.0882   12.8852
3.0844   12.9132
3.08   12.941
3.0758   12.968
3.0717   12.9953
3.0679   13.0226
3.064   13.05
3.06   13.0771
3.056   13.1041
3.0518   13.1316
3.0472   13.1593
3.0432   13.1872
3.0396   13.2152
3.0365   13.2433
3.0255   13.3144
3.0195   13.3542
3.0159   13.381
3.0117   13.4083
3.0072   13.4356
3.0027   13.4632
2.9986   13.491
2.9945   13.5186
2.9909   13.5464
2.9867   13.5739
2.9832   13.6018
2.9794   13.63
2.9758   13.6581
2.9716   13.6861
2.9674   13.7137
2.9633   13.7413
2.9592   13.7688
2.9501   13.829
2.9458   13.857
2.9413   13.8848
2.9366   13.9127
2.9326   13.9406
2.9282   13.9689
2.9242   13.9971
2.9207   14.0252
2.9167   14.0535
2.913   14.0821
2.9094   14.1104
2.9055   14.1391
2.9015   14.1677
2.8976   14.1961
2.8939   14.2243
2.8903   14.2523
2.8865   14.2804
2.8826   14.3087
2.8782   14.3367
2.8739   14.3649
2.8697   14.3935
2.8657   14.4221
2.8617   14.4506
2.8574   14.479
2.8534   14.5075
2.8496   14.5359
2.8459   14.5643
2.838   14.6256
2.8331   14.6543
2.8291   14.6833
2.8255   14.7125
2.8216   14.7416
2.8174   14.7705
2.8136   14.7994
2.8101   14.8283
2.8062   14.857
2.8023   14.8856
2.7993   14.9143
2.7956   14.9431
2.7915   14.9721
2.7879   15.0011
2.7835   15.0301
2.779   15.0591
2.7751   15.0881
2.7714   15.1168
2.7631   15.1793
2.7593   15.2082
2.7551   15.2372
2.7508   15.2663
2.7468   15.2953
2.7429   15.3245
2.7387   15.3539
2.7347   15.3832
2.7317   15.4126
2.7273   15.4417
2.7235   15.4707
2.7199   15.5
2.7159   15.5298
2.7119   15.5597
2.7081   15.5895
2.7045   15.6186
2.7004   15.6476
2.6965   15.6767
2.692   15.7062
2.688   15.7361
2.6836   15.7659
2.6799   15.7954
2.6757   15.8247
2.6713   15.8538
2.667   15.8834
2.6631   15.9132
2.6594   15.9432
2.6505   16.0071
2.6468   16.0364
2.6429   16.0659
2.6392   16.0958
2.6353   16.1261
2.6313   16.1569
2.6271   16.1871
2.6232   16.2171
2.6194   16.2468
2.6152   16.2773
2.611   16.3077
2.6071   16.338
2.6038   16.3681
2.6   16.3986
2.596   16.4292
2.5922   16.4597
2.589   16.4892
2.5852   16.5185
2.5766   16.5827
2.5728   16.613
2.5691   16.6437
2.5652   16.6741
2.5616   16.7043
2.5577   16.7343
2.5539   16.764
2.5501   16.7942
2.5463   16.8245
2.5421   16.8549
2.538   16.8854
2.5338   16.9154
2.5295   16.9455
2.5256   16.9757
2.5214   17.006
2.5175   17.0368
2.5139   17.0672
2.51   17.0977
2.5065   17.1275
2.5029   17.1575
2.4988   17.1881
2.4948   17.2188
2.4908   17.2496
2.487   17.2801
2.4833   17.3104
2.4792   17.3408
2.4756   17.3711
2.4679   17.4366
2.4643   17.4665
2.4606   17.4969
2.4567   17.5284
2.4529   17.5602
2.4491   17.5919
2.4452   17.6227
2.4419   17.6533
2.4379   17.6841
2.434   17.7152
2.4304   17.7461
2.4266   17.7771
2.4225   17.8083
2.4182   17.8399
2.4145   17.871
2.411   17.9017
2.407   17.9323
2.404   17.9633
2.3959   18.0311
2.3919   18.0628
2.3885   18.0947
2.3845   18.1266
2.3807   18.1579
2.3768   18.1893
2.3733   18.2207
2.3702   18.2519
2.3666   18.2833
2.3629   18.3142
2.359   18.3451
2.3552   18.376
2.3516   18.4073
2.3479   18.439
2.3442   18.4705
2.3402   18.5026
2.3367   18.5341
2.3333   18.5655
2.3297   18.5967
2.3259   18.6283
2.3223   18.6607
2.3185   18.6934
2.3152   18.7257
2.3111   18.7578
2.3069   18.79
2.3021   18.8222
2.2984   18.8542
2.2912   18.9224
2.288   18.9538
2.2845   18.9855
2.2809   19.0174
2.2775   19.0493
2.274   19.0808
2.2698   19.1129
2.2655   19.1451
2.2616   19.177
2.2588   19.2086
2.255   19.2393
2.2513   19.2703
2.2471   19.302
2.2433   19.3341
2.2391   19.3668
2.2351   19.3991
2.2316   19.4312
2.2282   19.4628
2.2198   19.5309
2.2158   19.5627
2.2126   19.5945
2.209   19.6263
2.2053   19.6585
2.2015   19.6913
2.1977   19.7242
2.1941   19.7572
2.1903   19.7897
2.1862   19.8221
2.1823   19.8547
2.1784   19.8876
2.1742   19.9212
2.1702   19.9546
2.1662   19.9875
2.1627   20.0199
2.1591   20.0521
2.1552   20.0851
2.1516   20.1184
2.148   20.1518
2.1442   20.185
2.1408   20.2178
2.1377   20.2503
2.1342   20.2822
2.1304   20.315
2.1273   20.348
2.1237   20.3812
2.1163   20.453
2.1125   20.4856
2.1091   20.5187
2.1061   20.5512
2.1027   20.5838
2.0989   20.6165
2.0949   20.6493
2.091   20.6828
2.0874   20.7161
2.0837   20.75
2.0796   20.7841
2.0762   20.8181
2.0722   20.8519
2.0683   20.8854
2.0647   20.9188
2.0611   20.9521
2.0574   20.985
2.0535   21.018
2.045   21.09
2.0408   21.1243
2.0367   21.1584
2.0331   21.1927
2.0302   21.2263
2.0267   21.2597
2.0229   21.2932
2.0196   21.3267
2.0162   21.3606
2.0125   21.3954
2.0091   21.4301
2.0058   21.464
2.0025   21.4974
1.9992   21.5306
1.9956   21.5646
1.992   21.599
1.9884   21.6335
1.985   21.6679
1.9815   21.7015
1.9781   21.7352
1.9747   21.7691
1.9712   21.8038
1.9678   21.8386
1.9646   21.8728
1.9613   21.907
1.9579   21.9414
1.9547   21.9763
1.947   22.0509
1.9432   22.0853
1.9396   22.1201
1.9357   22.1559
1.9313   22.1919
1.9282   22.2268
1.9252   22.2606
1.9221   22.2939
1.9188   22.328
1.9155   22.363
1.9122   22.3982
1.9088   22.4329
1.9055   22.4674
1.9022   22.5017
1.8989   22.5363
1.8957   22.5711
1.8923   22.6057
1.8888   22.6408
1.8815   22.714
1.8783   22.7489
1.8751   22.7843
1.8718   22.8196
1.8684   22.855
1.8646   22.8899
1.8613   22.925
1.858   22.9598
1.8538   22.9953
1.8502   23.0304
1.846   23.0661
1.8421   23.1015
1.8384   23.1366
1.8342   23.1721
1.8301   23.2087
1.8262   23.2453
1.8221   23.2817
1.8186   23.3165
1.8151   23.3509
1.8119   23.3855
1.8085   23.4211
1.8051   23.4572
1.8019   23.4931
1.7989   23.5282
1.7956   23.5632
1.7919   23.5984
1.7881   23.6343
1.781   23.7111
1.7776   23.7464
1.774   23.7821
1.7707   23.8185
1.7676   23.8545
1.7645   23.8905
1.7604   23.9267
1.7565   23.9641
1.7533   24.0015
1.75   24.0381
1.7465   24.0748
1.7434   24.1117
1.7399   24.1493
1.7363   24.1865
1.7327   24.2233
1.7295   24.2593
1.7259   24.2962
1.7226   24.3332
1.715   24.4116
1.7113   24.4486
1.708   24.486
1.7047   24.5234
1.7016   24.5603
1.6984   24.5969
1.6951   24.6333
1.692   24.6701
1.6886   24.7069
1.6855   24.744
1.682   24.7821
1.6788   24.8194
1.6761   24.8563
1.6731   24.8925
1.6699   24.9286
1.6665   24.9659
1.663   25.0034
1.6595   25.0411
1.6563   25.0776
1.6531   25.1138
1.65   25.1506
1.646   25.1886
1.6423   25.2268
1.6392   25.2651
1.6362   25.3024
1.6332   25.3395
1.6301   25.3766
1.6214   25.478
1.6147   25.5531
1.608   25.6287
1.6013   25.7047
1.5944   25.7815
1.5909   25.82
1.5834   25.8975
1.5764   25.9754
1.5701   26.0527
1.5653   26.11
1.559   26.1908
1.5562   26.2293
1.5524   26.268
1.5482   26.3075
1.5446   26.3466
1.541   26.3859
1.5377   26.4247
1.5345   26.4636
1.5312   26.503
1.5279   26.5429
1.5245   26.5831
1.5211   26.6226
1.518   26.662
1.5146   26.7012
1.5114   26.7403
1.5084   26.7795
1.5055   26.8187
1.5022   26.8586
1.4987   26.8982
1.4953   26.938
1.4919   26.9779
1.4881   27.0175
1.4846   27.0573
1.4814   27.0972
1.4781   27.1375
1.4744   27.1778
1.4709   27.2172
1.464   27.3026
1.4607   27.3416
1.4578   27.381
1.4548   27.4204
1.4514   27.46
1.4478   27.5004
1.4446   27.5398
1.4417   27.5796
1.4386   27.6191
1.435   27.6595
1.4319   27.7001
1.429   27.7399
1.4259   27.7791
1.4224   27.8185
1.4191   27.8589
1.4157   27.8999
1.4122   27.9412
1.4093   27.9821
1.4026   28.068
1.3996   28.1079
1.396   28.1477
1.3924   28.1884
1.3892   28.2295
1.3865   28.2711
1.3837   28.3123
1.3804   28.3538
1.3768   28.3947
1.3734   28.4357
1.3706   28.4769
1.3678   28.5183
1.3648   28.5597
1.3617   28.601
1.3587   28.6419
1.3556   28.6832
1.3525   28.7247
1.3492   28.7667
1.3449   28.8088
1.3411   28.851
1.3376   28.8931
1.3346   28.9348
1.3317   28.9763
1.3284   29.018
1.3253   29.0592
1.3218   29.101
1.3186   29.1426
1.3117   29.2328
1.3087   29.2747
1.3055   29.3165
1.3023   29.358
1.2994   29.3998
1.2964   29.442
1.2935   29.4844
1.2907   29.5274
1.2878   29.5706
1.2847   29.614
1.2814   29.6571
1.2784   29.6999
1.2757   29.7422
1.2726   29.7847
1.2697   29.8268
1.2668   29.8694
1.2638   29.9121
1.2607   29.955
1.2535   30.0463
1.2503   30.0893
1.2472   30.1331
1.2442   30.1773
1.241   30.2216
1.238   30.2651
1.2348   30.3084
1.2321   30.3514
1.2288   30.3943
1.2257   30.4382
1.2228   30.4821
1.2196   30.5264
1.2164   30.5707
1.2132   30.6144
1.2097   30.6579
1.2065   30.7015
1.2031   30.7451
1.2   30.7893
1.1962   30.8331
1.1931   30.8772
1.19   30.9214
1.1869   30.9654
1.1839   31.0093
1.1812   31.0528
1.1783   31.0969
1.1752   31.1419
1.1722   31.1875
1.1655   31.2835
1.1622   31.3282
1.1591   31.3728
1.156   31.4174
1.1533   31.4619
1.1502   31.5071
1.1474   31.5522
1.1445   31.5973
1.1415   31.642
1.1385   31.687
1.1357   31.7319
1.1328   31.7768
1.1301   31.8216
1.1268   31.8666
1.1237   31.912
1.1208   31.9572
1.1182   32.0028
1.1152   32.0487
1.1086   32.1462
1.1054   32.1922
1.1023   32.2385
1.0991   32.2854
1.096   32.3321
1.0932   32.3787
1.0907   32.4249
1.088   32.4703
1.0857   32.5162
1.0828   32.5626
1.0798   32.6091
1.0767   32.6559
1.0736   32.7027
1.0704   32.75
1.0674   32.7967
1.0641   32.8435
1.061   32.8901
1.0581   32.9371
1.0554   32.984
1.0529   33.0305
1.0496   33.0773
1.0468   33.1245
1.0438   33.1718
1.0408   33.2191
1.0377   33.2667
1.0347   33.3141
1.0318   33.3618
1.0251   33.4648
1.0217   33.5126
1.0185   33.5612
1.0158   33.6099
1.0134   33.6591
1.0108   33.7075
1.0078   33.7561
1.005   33.8039
1.0024   33.8522
0.99932   33.9003
0.99585   33.9482
0.99274   33.9964
0.99022   34.0448
0.98775   34.0933
0.98488   34.142
0.98246   34.1906
0.97963   34.2398
0.97687   34.2887
0.96942   34.395
0.96686   34.4443
0.96419   34.4933
0.96142   34.542
0.95862   34.5908
0.95549   34.6398
0.95209   34.6895
0.94921   34.7388
0.94656   34.7888
0.9436   34.8385
0.94116   34.888
0.93858   34.9371
0.93558   34.986
0.93284   35.0356
0.92975   35.0857
0.92666   35.1362
0.92349   35.1866
0.92068   35.2368
0.9182   35.2873
0.9156   35.3381
0.91307   35.3889
0.91053   35.4398
0.90794   35.4911
0.90536   35.5425
0.90288   35.5939
0.90023   35.6447
0.89752   35.6955
0.89169   35.8031
0.88893   35.8541
0.8864   35.9048
0.88398   35.9558
0.88132   36.0066
0.87821   36.0584
0.87451   36.111
0.87144   36.1641
0.86855   36.2167
0.86569   36.2689
0.86321   36.3208
0.86089   36.3731
0.85837   36.4255
0.85573   36.4773
0.85297   36.5292
0.85014   36.5809
0.84696   36.6338
0.84401   36.6868
0.83835   36.8013
0.83595   36.8537
0.83298   36.9066
0.8307   36.9596
0.82809   37.0131
0.82546   37.0667
0.82273   37.1199
0.81986   37.1736
0.81706   37.2279
0.81438   37.2819
0.81167   37.3357
0.80894   37.3891
0.8063   37.443
0.80377   37.4972
0.80122   37.5522
0.79898   37.6067
0.79672   37.6615
0.79423   37.7158
0.79147   37.7701
0.78829   37.8247
0.78506   37.8793
0.78225   37.9343
0.7797   37.9891
0.77727   38.0439
0.7747   38.0987
0.77222   38.1537
0.76995   38.2091
0.76438   38.3285
0.76156   38.3843
0.7588   38.4397
0.75627   38.495
0.75383   38.55
0.75112   38.6056
0.74847   38.6616
0.74607   38.7178
0.74361   38.7746
0.74073   38.8307
0.73806   38.8872
0.73535   38.9437
0.73232   39.0004
0.72923   39.0571
0.72685   39.114
0.72449   39.1711
0.72183   39.2284
0.71924   39.2857
0.71354   39.4105
0.71066   39.4673
0.70795   39.5247
0.70555   39.5826
0.70303   39.6405
0.70107   39.6986
0.69884   39.7566
0.69653   39.8149
0.69393   39.8729
0.69159   39.9314
0.68923   39.9892
0.68656   40.0472
0.68409   40.1052
0.68156   40.164
0.6792   40.2225
0.67663   40.2812
0.67429   40.3396
0.67198   40.3983
0.66934   40.4571
0.66681   40.5161
0.66446   40.5754
0.6622   40.6354
0.65982   40.6958
0.65741   40.7564
0.65528   40.8162
0.65282   40.8765
0.65032   40.9367
0.64523   41.0661
0.64271   41.1272
0.64004   41.1883
0.63749   41.2492
0.63494   41.3093
0.63252   41.3691
0.62995   41.4293
0.62755   41.4903
0.62534   41.5517
0.62295   41.6129
0.62056   41.6744
0.61782   41.7364
0.61572   41.7985
0.61352   41.8604
0.61095   41.9224
0.6088   41.9843
0.60658   42.0465
0.60422   42.1084
0.59905   42.2452
0.59659   42.3071
0.59432   42.3696
0.59214   42.4322
0.58984   42.4953
0.58765   42.5587
0.58528   42.6232
0.58272   42.6873
0.58036   42.7511
0.57804   42.8144
0.57581   42.8773
0.57367   42.9409
0.57157   43.0044
0.56925   43.0687
0.56684   43.1326
0.56436   43.1964
0.56217   43.2603
0.55968   43.3247
0.55736   43.39
0.55519   43.4556
0.55256   43.5213
0.55038   43.587
0.548   43.652
0.54578   43.7169
0.54379   43.7812
0.54168   43.8462
0.53945   43.912
0.53469   44.0534
0.53262   44.12
0.53019   44.186
0.52778   44.2523
0.52549   44.3187
0.52323   44.3853
0.52129   44.4518
0.51914   44.5185
0.51705   44.5858
0.51509   44.6537
0.51299   44.7221
0.51077   44.791
0.5087   44.86
0.50669   44.9284
0.50465   44.9965
0.50255   45.0644
0.50012   45.1327
0.49776   45.2014
0.49311   45.3499
0.49107   45.4195
0.48911   45.489
0.48719   45.5575
0.48521   45.6257
0.48321   45.6943
0.48109   45.7633
0.47855   45.8332
0.47626   45.9036
0.47409   45.974
0.47194   46.0447
0.47004   46.1151
0.46792   46.1858
0.46591   46.2561
0.46392   46.3271
0.46213   46.3984
0.46018   46.4703
0.45812   46.5419
0.45608   46.6144
0.45385   46.6864
0.45159   46.7587
0.44976   46.8309
0.44794   46.903
0.44585   46.976
0.44397   47.0492
0.44202   47.1235
0.43995   47.198
0.43488   47.3541
0.43245   47.4283
0.43043   47.5025
0.42865   47.5767
0.42695   47.6509
0.42511   47.7254
0.4233   47.8002
0.42136   47.8754
0.41942   47.9503
0.41729   48.026
0.41508   48.1012
0.41304   48.1767
0.41131   48.2523
0.40943   48.3281
0.40724   48.4048
0.40516   48.4816
0.40331   48.5588
0.40141   48.6358
0.39751   48.799
0.39525   48.8758
0.39339   48.9537
0.39149   49.0324
0.38949   49.1122
0.38741   49.1912
0.38513   49.2703
0.3832   49.3486
0.38157   49.4271
0.37968   49.5061
0.37755   49.5856
0.37531   49.6645
0.37299   49.7437
0.37119   49.8232
0.36937   49.903
0.36746   49.9826
0.36553   50.0625
0.36367   50.1427
0.36184   50.223
0.35995   50.3038
0.35826   50.3849
0.35675   50.4667
0.35495   50.5486
0.35338   50.6303
0.35169   50.7121
0.34989   50.7942
0.34802   50.8763
0.34407   51.053
0.34229   51.1359
0.34043   51.2189
0.33869   51.3013
0.33696   51.3846
0.33505   51.469
0.33309   51.5542
0.33114   51.6387
0.3294   51.7227
0.32743   51.807
0.32555   51.892
0.3238   51.9771
0.32201   52.063
0.32032   52.1495
0.31862   52.2364
0.31691   52.3233
0.31533   52.4092
0.31379   52.4951
0.30971   52.6781
0.30801   52.7648
0.30646   52.8523
0.30493   52.9406
0.3032   53.0292
0.30156   53.1185
0.29989   53.2071
0.29812   53.2962
0.29633   53.3858
0.29459   53.4755
0.29293   53.5648
0.2913   53.6534
0.28952   53.7425
0.28808   53.8324
0.28643   53.923
0.28452   54.0134
0.28268   54.1047
0.28082   54.1968
0.27901   54.2909
0.27733   54.3848
0.27564   54.4782
0.27395   54.5707
0.27232   54.6627
0.27082   54.7547
0.26922   54.848
0.26774   54.9416
0.26607   55.0358
0.2622   55.2365
0.2604   55.3315
0.25856   55.4272
0.25669   55.5239
0.25493   55.6212
0.2534   55.7183
0.25186   55.8151
0.25017   55.9122
0.24843   56.0106
0.24686   56.1094
0.24546   56.2078
0.2438   56.3053
0.2423   56.4037
0.24061   56.5031
0.23909   56.6026
0.23762   56.7026
0.23619   56.8027
0.23454   56.9037
0.23096   57.1215
0.22928   57.2238
0.22762   57.3259
0.2259   57.4281
0.22419   57.5307
0.22281   57.6341
0.22133   57.7381
0.21963   57.8421
0.21801   57.946
0.21651   58.0509
0.21512   58.1551
0.21349   58.2607
0.21184   58.3665
0.21027   58.4727
0.20875   58.5782
0.20692   58.6839
0.20505   58.7894
0.20325   58.8962
0.20165   59.0062
0.20006   59.1174
0.19846   59.2304
0.19706   59.3418
0.19573   59.4521
0.19464   59.5616
0.1936   59.6716
0.19231   59.7834
0.19077   59.8966
0.18766   60.1378
0.18618   60.2512
0.18434   60.3649
0.18209   60.4798
0.18024   60.5952
0.17883   60.7108
0.1774   60.8269
0.17563   60.9427
0.17421   61.0579
0.17301   61.1748
0.17173   61.2921
0.17038   61.4117
0.16901   61.5318
0.16747   61.652
0.16597   61.771
0.1646   61.8925
0.16284   62.0199
0.16114   62.1482
0.15754   62.4227
0.15595   62.5496
0.15433   62.6789
0.15288   62.8041
0.15128   62.9304
0.14979   63.0582
0.14847   63.1845
0.147   63.3132
0.14539   63.439
0.14404   63.5622
0.14216   63.6885
0.14074   63.82
0.13933   63.9499
0.13763   64.086
0.13564   64.2197
0.1335   64.3588
0.13175   64.4976
0.12997   64.6326
0.12797   64.7726
0.12655   64.9115
0.12519   65.0448
0.12363   65.1839
0.12202   65.3224
0.12028   65.4661
0.1187   65.6066
0.1171   65.7474
0.11553   65.8902
0.11277   66.1902
0.11157   66.3339
0.11024   66.4782
0.10886   66.6206
0.10764   66.7639
0.1065   66.9073
0.10513   67.0559
0.10301   67.2032
0.10157   67.3544
0.1002   67.5122
0.09905   67.6676
0.0974   67.8284
0.09592   67.9963
0.09479   68.1636
0.09365   68.3305
0.09239   68.4983
0.09094   68.6647
0.08982   68.8328
0.08804   69.1823
0.0873   69.3458
0.08649   69.5098
0.08558   69.6765
0.08417   69.8486
0.08328   70.0182
0.08252   70.192
0.08172   70.3677
0.08087   70.5472
0.08022   70.7231
0.07954   70.8981
0.07881   71.0693
0.07776   71.2451
0.07666   71.4322
0.07553   71.6261
0.07408   71.8231
0.07277   72.0182
0.07186   72.2145
0.07098   72.3986
0.07027   72.582
0.06969   72.7576
0.0688   72.9395
0.06788   73.1307
0.06722   73.3201
0.06666   73.5021
0.06592   73.6864
0.06518   73.8781
0.06405   74.288
0.06337   74.4825
0.06277   74.6759
0.06216   74.8734
0.06148   75.0768
0.06085   75.2798
0.06012   75.4818
0.05945   75.6871
0.05905   75.8846
0.05873   76.0727
0.05828   76.2666
0.05777   76.464
0.05701   76.6687
0.05609   76.8738
0.05539   77.0806
0.05501   77.2837
0.05456   77.4891
0.0542   77.6891
0.05326   78.1305
0.05262   78.3332
0.05166   78.5527
0.05102   78.7649
0.05043   78.9809
0.04987   79.2037
0.04935   79.4273
0.04888   79.6465
0.04853   79.8556
0.04806   80.0651
0.04759   80.2822
0.04707   80.5116
0.04652   80.7406
0.04601   80.9781
0.04547   81.2076
0.0449   81.4392
0.04448   81.6685
0.04412   81.8954
0.04373   82.126
0.04344   82.3504
0.04308   82.575
0.04265   82.8048
0.04212   83.0463
0.04189   83.2759
0.04146   83.509
0.04092   83.7506
0.04043   83.9959
0.03971   84.5115
0.03929   84.7571
0.03881   85.0097
0.03828   85.2733
0.03775   85.5431
0.03732   85.8131
0.03697   86.0827
0.03674   86.3388
0.03652   86.5823
0.03613   86.8373
0.03576   87.0993
0.03544   87.3606
0.03516   87.6188
0.0349   87.8735
0.03446   88.1334
0.03379   88.4118
0.03323   88.7003
0.03274   89.0058
0.03232   89.6056
0.03219   89.8775
0.03178   90.1603
0.03136   90.4474
0.03097   90.7358
0.03069   91.0231
0.03047   91.3111
0.03019   91.5986
0.02982   91.8864
0.02963   92.1643
0.02938   92.4465
0.02921   92.7216
0.02883   93.0172
0.02848   93.3254
0.02819   93.6296
0.02788   93.9379
0.02764   94.2452
0.02741   94.5479
0.02713   94.8506
0.02681   95.1527
0.02646   95.4582
0.02614   95.7711
0.02591   96.0796
0.02551   96.4023
0.02528   96.7199
0.02501   97.0342
0.02478   97.3403
0.02425   97.9922
0.02393   98.3143
0.0237   98.6241
0.02348   98.9334
0.02327   99.2449
0.02294   99.5774
0.02268   99.9224
0.02245   100.2728
0.02235   100.6029
0.02209   100.9327
0.02174   101.2807
0.02134   101.6428
0.02104   102.0095
0.02081   102.3801
0.02064   102.7446
0.02038   103.1205
0.02027   103.4794
0.02008   103.834
0.01964   104.5922
0.0193   104.9784
0.01919   105.3474
0.01906   105.7031
0.01878   106.0689
0.01845   106.45
0.01826   106.8207
0.01795   107.2011
0.01771   107.5755
0.01748   107.9476
0.01737   108.3023
0.01719   108.6585
0.017   109.0188
0.01684   109.3776
0.01669   109.7271
0.01656   110.0623
0.01646   110.38
0.01632   110.6889
0.01613   110.999
0.016   111.2928
0.01585   111.5752
0.01571   111.8458
0.01556   112.1008
0.01547   112.333
0.01535   112.5461
0.01525   112.7271
0.01517   112.8822
0.01496   113.2173
0.01484   113.3915
0.01478   113.5566
0.0147   113.723
0.01462   113.8923
0.01454   114.0618
0.01447   114.2145
0.01438   114.3694
0.01427   114.5243
0.01415   114.6925
0.01404   114.8707
0.01396   115.0465
0.01389   115.2227
0.01382   115.3966
0.01374   115.5752
0.01366   115.7543
0.01358   115.9334
0.0135   116.1132
0.01327   116.5052
0.0132   116.6733
0.01312   116.8603
0.01306   117.0344
0.013   117.2106
0.01294   117.3881
0.01287   117.5595
0.0128   117.7334
0.01272   117.9207
0.01264   118.1101
0.01259   118.2961
0.01253   118.4758
0.01248   118.649
0.01243   118.8256
0.01238   119.0111
0.01232   119.1961
0.01227   119.3671
0.01221   119.5253
0.01215   119.7057
0.01208   119.8782
0.01201   120.0605
0.01196   120.2443
0.0119   120.4256
0.01183   120.6084
0.01176   120.7875
0.01168   120.9834
0.01156   121.1947
0.0114   121.6416
0.01135   121.8273
0.01127   122.0271
0.01121   122.2142
0.01114   122.4151
0.01106   122.6303
0.01101   122.8248
0.01096   123.0286
0.01093   123.1974
0.01089   123.3607
0.01086   123.5152
0.01081   123.6965
0.01076   123.8865
0.01069   124.0913
0.01064   124.2986
0.01059   124.4977
0.01052   124.6971
0.01046   124.8945
0.01034   125.2999
0.01029   125.4946
0.01024   125.6888
0.01019   125.8777
0.01014   126.0851
0.01009   126.291
0.01004   126.4772
0.01   126.6683
0.00995   126.8577
0.00988   127.0729
0.00983   127.2704
0.00979   127.4635
0.00974   127.6641
0.0097   127.8523
0.00964   128.0671
0.00959   128.272
0.00953   128.4708
0.00947   128.681
0.00941   128.8821
0.00933   129.1121
0.00928   129.3199
0.00922   129.5192
0.00917   129.7284
0.00912   129.92
0.00907   130.1324
0.00902   130.3445
0.00897   130.5605
0.00886   131.0326
0.0088   131.247
0.00876   131.4652
0.00871   131.6947
0.00866   131.9054
0.00862   132.1237
0.00858   132.3218
0.00853   132.5272
0.00847   132.7565
0.0084   132.9766
0.00833   133.2055
0.00827   133.4192
0.00822   133.622
0.00817   133.8315
0.0081   134.0644
0.00803   134.2933
0.00796   134.5369
0.00788   134.7725
0.00776   135.2548
0.00771   135.4809
0.00766   135.6989
0.00762   135.915
0.00758   136.14
0.00753   136.3774
0.00749   136.6039
0.00745   136.8443
0.00742   137.0759
0.00738   137.3239
0.00734   137.5669
0.0073   137.7934
0.00726   138.0206
0.00721   138.2526
0.00716   138.4937
0.00711   138.7347
0.00707   138.9835
0.00702   139.2582
0.00698   139.5292
0.00693   139.7788
0.00689   140.0069
0.00686   140.2163
0.00681   140.4486
0.00676   140.6957
0.00671   140.9445
0.00667   141.1993
0.00662   141.4505
0.00654   141.984
0.00649   142.2505
0.00645   142.5118
0.00641   142.7775
0.00636   143.0411
0.00632   143.3233
0.00625   143.6257
0.00623   143.9059
0.00618   144.1843
0.00614   144.4362
0.0061   144.7019
0.00605   144.971
0.00601   145.2158
0.00597   145.4578
0.00593   145.7167
0.00589   145.992
0.00584   146.2851
0.0058   146.5515
0.00572   147.0976
0.00568   147.372
0.00563   147.6756
0.00558   147.987
0.00553   148.2757
0.00549   148.5481
0.00545   148.8283
0.00541   149.0902
0.00537   149.3543
0.00533   149.6252
0.00528   149.8941
0.00523   150.1785
