 -5.10000e-09
 -5.10000e-09
 -6.60000e-09
  6.70000e-09
  5.40000e-09
  3.15000e-09
  1.86000e-09
  1.06000e-09
  6.50000e-10
  4.00000e-10
  2.60000e-10
  1.60000e-10
  1.16000e-10
  8.20000e-11
  5.90000e-11
  4.50000e-11
  3.69000e-11
  3.08000e-11
  2.67000e-11
  2.43000e-11
  2.37000e-11
  2.22000e-11
  2.20000e-11
  2.69000e-11
  3.08000e-11
  3.45000e-11
  3.16000e-11
  6.99999e-12
 -7.30000e-11
 -3.11000e-10
 -1.19500e-09
 -1.48600e-09
 -1.23000e-09
 -1.02400e-09
 -8.66000e-10
 -7.42000e-10
 -6.42000e-10
 -5.65000e-10
 -5.04000e-10
 -4.52000e-10
 -4.06000e-10
 -3.68000e-10
 -3.36400e-10
 -3.09700e-10
 -2.89600e-10
 -2.74400e-10
 -2.59100e-10
 -2.47000e-10
 -2.36700e-10
 -2.28200e-10
