 -9.99982e-11
 -1.00002e-10
      0.00000
      0.00000
      0.00000
      0.00000
      0.00000
      0.00000
      0.00000
      0.00000
      0.00000
      0.00000
      0.00000
      0.00000
      0.00000
      0.00000
      0.00000
  9.99964e-14
  5.99999e-13
  7.00003e-13
  5.99999e-13
  5.00003e-13
  2.99996e-13
  3.00003e-13
  3.99999e-13
  9.99999e-13
      0.00000
 -5.00000e-12
 -9.00000e-12
 -1.20000e-11
 -1.50000e-11
 -1.70000e-11
 -1.80000e-11
 -1.90000e-11
 -2.00000e-11
 -2.10000e-11
 -2.10000e-11
 -2.10000e-11
 -2.10000e-11
 -2.20000e-11
 -2.20000e-11
 -2.10000e-11
 -2.10000e-11
 -2.00000e-11
 -1.90000e-11
 -1.90000e-11
 -1.90000e-11
 -1.70000e-11
 -1.69000e-11
 -1.55000e-11
