  1.485222645566084E-002  4.028758036802966E-003  2.967884707340768E-006
  3.923267113495608E-008  1.510009850988690E-005  2.009468959585688E-007
  1.310837076498868E-008  2.097736336863869E-009  1.637223089556007E-006
  1.551098987947869E-007  5.664819527753271E-009  8.779862479983001E-007
  4.993764464474380E-008  2.675714058325904E-011
  1.485222201248060E-002  4.028825889591396E-003  3.050439135006213E-006
  2.780700547357849E-008  1.437624576595182E-005  1.060298940000139E-007
  6.333935670651293E-009  1.746308126116323E-009  1.626325667492194E-006
  5.418587523038677E-008  2.039003039402104E-009  6.616161311038503E-007
  3.260845395281988E-008  8.017249176175350E-011
  1.485619021780204E-002  4.028507528134098E-003  3.165622063991712E-006
  2.189036696835481E-008  1.371739236799363E-005  5.599022036202242E-008
  2.982028849963242E-009  1.607825758579191E-009  1.619082450410726E-006
  1.690128926667401E-008  8.098247755893048E-010  6.174161714152911E-007
  2.789960990384468E-008  2.103387469612014E-010
  1.485938546469027E-002  4.028162567707611E-003  3.241392698260087E-006
  2.000278086510972E-008  1.308730825268647E-005  3.089452493802315E-008
  1.612433351253493E-009  1.674876196724959E-009  1.615003163606961E-006
  6.805884337300573E-009  4.071692901156862E-010  6.132790020027557E-007
  2.935148522751914E-008  4.818648020473540E-010
  1.486207064635114E-002  4.027866803027622E-003  3.256774865213810E-006
  2.064968061328926E-008  1.251738284140941E-005  1.894086212705584E-008
  1.085353969391397E-009  1.975573268038021E-009  1.612225427790750E-006
  4.421723599212541E-009  2.857400014233825E-010  6.014448472014996E-007
  3.328117132476875E-008  8.988478517838153E-010
  1.486435627188135E-002  4.027615180454710E-003  3.223890893034443E-006
  2.302126064328157E-008  1.202215825568417E-005  1.333280612673605E-008
  8.754333174292362E-010  2.395784310928195E-009  1.609568288700824E-006
  3.903230923778118E-009  2.582289749560325E-010  5.727879240023394E-007
  3.739754647515501E-008  1.364818493208709E-009
  1.486640258143356E-002  4.027405800137183E-003  3.168028360794700E-006
  2.631526538476303E-008  1.162659227286855E-005  1.051970851711162E-008
  7.851955434110279E-010  2.819340034277511E-009  1.606738456183520E-006
  3.862017192663755E-009  2.607098765885577E-010  5.360403671137776E-007
  4.076525537941241E-008  1.796572551580838E-009
  1.486800909483794E-002  4.027246639250231E-003  3.110417345570241E-006
  2.981569759481151E-008  1.132424102075316E-005  9.072457280458297E-009
  7.430504339278530E-010  3.163671270211800E-009  1.604116528305477E-006
  3.931825486987737E-009  2.703715975299206E-010  5.014331911420203E-007
  4.308656765077376E-008  2.133690609712327E-009
  1.486956205359042E-002  4.027137393478352E-003  3.052655467306024E-006
  3.361172961247827E-008  1.107409299489356E-005  8.362159131744489E-009
  7.225301414799209E-010  3.388671951254154E-009  1.602061486559572E-006
  4.002730776449768E-009  2.790403978926657E-010  4.688255179216998E-007
  4.441650973718734E-008  2.345705893396419E-009
  1.487146612388529E-002  4.027019911994269E-003  2.987605090050855E-006
  3.832849622419622E-008  1.081659536699197E-005  7.764154886069114E-009
  7.033370614253672E-010  3.609466973688035E-009  1.599673489489964E-006
  4.077371683561599E-009  2.885344666237829E-010  4.335866049020756E-007
  4.563172485921026E-008  2.551095719928361E-009
  1.487371652088607E-002  4.026891781559708E-003  2.916169134459726E-006
  4.412948536950860E-008  1.054956070642150E-005  7.239735005878682E-009
  6.833584014212499E-010  3.822912694789823E-009  1.596819204928703E-006
  4.148249321777089E-009  2.986265077029259E-010  3.964279579932602E-007
  4.675280327975806E-008  2.755312070376459E-009
  1.487559701447526E-002  4.026751432977650E-003  2.838828031797487E-006
  5.128694309482750E-008  1.027658909952273E-005  6.745575827387013E-009
  6.577088372376876E-010  4.012388475343492E-009  1.592927232064233E-006
  4.193828618173994E-009  3.090070455177848E-010  3.581657042723114E-007
  4.777846896755461E-008  2.985376377319687E-009
  1.487643930519431E-002  4.026587172802216E-003  2.756571679678721E-006
  6.056535689470966E-008  1.001149450947651E-005  6.237038107363300E-009
  6.227074454396824E-010  4.170676397576793E-009  1.587078919291848E-006
  4.211420816040744E-009  3.191493316323148E-010  3.201235800507265E-007
  4.862594126773681E-008  3.205855602421068E-009
  1.487888993263554E-002  4.026322083482647E-003  2.669583529782758E-006
  7.192754815509614E-008  9.735181915222192E-006  5.672150878730908E-009
  5.776179253631616E-010  4.317818405795189E-009  1.577884110806940E-006
  4.226448312928941E-009  3.290168778212534E-010  2.831365996812330E-007
  4.914417247667349E-008  3.333950833904068E-009
  1.488213961930468E-002  4.025915385132024E-003  2.580113481225139E-006
  8.567813655993485E-008  9.456327907525332E-006  5.045889166161130E-009
  5.229277440085331E-010  4.461327376008175E-009  1.564469630087473E-006
  4.249642935834701E-009  3.385203201192999E-010  2.478452023685440E-007
  4.922908397824895E-008  3.314544811981838E-009
  1.488439813511542E-002  4.025094147988009E-003  2.489955945718024E-006
  1.021078375096836E-007  9.180549931143128E-006  4.236919636011454E-009
  4.409423350024708E-010  4.486988781602427E-009  1.536963383786018E-006
  4.198832205580274E-009  3.383172529946680E-010  2.147446046505912E-007
  4.740090918862874E-008  3.060014801993262E-009
  1.488773742022793E-002  4.024205017102050E-003  2.399593349064019E-006
  1.220013674159494E-007  8.904147065084336E-006  3.501134757564189E-009
  3.581469836437652E-010  4.384117935230483E-009  1.502527024676844E-006
  4.035011257965330E-009  3.290166180531058E-010  1.844855577461782E-007
  4.456070938710733E-008  2.803771050583965E-009
  1.489133408925143E-002  4.023269220432683E-003  2.310072172229114E-006
  1.464371238121678E-007  8.629582499877251E-006  2.855636699845557E-009
  2.811469108320170E-010  4.168144722644663E-009  1.462120664578546E-006
  3.783416646340326E-009  3.123632075507579E-010  1.578257410468162E-007
  4.097286778346415E-008  2.553507191150963E-009
  1.489456580168027E-002  4.022290239091552E-003  2.222676190069433E-006
  1.747840649845760E-007  8.357877910818747E-006  2.274998539318492E-009
  2.058295514431628E-010  3.765695610468432E-009  1.408325833582191E-006
  3.445316797970133E-009  2.880642033135605E-010  1.340520470101023E-007
  3.609398544757291E-008  2.283700597839335E-009
  1.489797637394580E-002  4.021110854956901E-003  2.137477228695014E-006
  2.072551452584110E-007  8.090325533903514E-006  1.792873187015584E-009
  1.463668373517041E-010  3.329757061842421E-009  1.343657473553953E-006
  3.253467022115846E-009  2.679951601015959E-010  1.131005064758438E-007
  3.046824122182489E-008  1.888718550415984E-009
  1.490149315350658E-002  4.019786616260794E-003  2.054600551772442E-006
  2.439977837715326E-007  7.827348575800494E-006  1.403216670928456E-009
  1.019627483021355E-010  2.897607368401460E-009  1.272939793061462E-006
  3.158991590945937E-009  2.511217054936447E-010  9.487329281771518E-008
  2.492064441845446E-008  1.473760413825526E-009
  1.490484383044928E-002  4.018298267643367E-003  1.975706208231339E-006
  2.855669092060659E-007  7.566391488751093E-006  1.105094165231203E-009
  6.829776706800563E-011  2.411981415553808E-009  1.187259295291819E-006
  3.211816502229486E-009  2.415100696454334E-010  7.953234063263549E-008
  1.940209328101746E-008  1.068683026022507E-009
  1.490818049888463E-002  4.016890639464687E-003  1.901478996591385E-006
  3.311032197736209E-007  7.320769863608424E-006  8.723792560533639E-010
  4.495398053119049E-011  1.967185131476399E-009  1.097119270681886E-006
  3.274778974095552E-009  2.319481767698509E-010  6.677869921586727E-008
  1.490451819308825E-008  7.637224936125579E-010
  1.491167285401372E-002  4.015582414495747E-003  1.831148287532592E-006
  3.791467795416305E-007  7.082000188114717E-006  6.893466429707036E-010
  2.875444514138639E-011  1.556144302922855E-009  9.999760909710814E-007
  3.352828202339514E-009  2.222479908586784E-010  5.592436638198980E-008
  1.120785041515082E-008  5.330092469750106E-010
  1.491491230637267E-002  4.014125164944688E-003  1.764986343956056E-006
  4.287121379879969E-007  6.850615945986133E-006  5.434409047352609E-010
  1.835294197677413E-011  1.205695769055274E-009  8.866932820042414E-007
  3.412381947672651E-009  2.067366914325129E-010  4.675580829980836E-008
  8.308008284559484E-009  3.353835912586076E-010
  1.491847901987643E-002  4.012641569890472E-003  1.703255431922210E-006
  4.786681524994825E-007  6.628799831372361E-006  4.295056489158596E-010
  1.177996168883533E-011  9.308092456627184E-010  7.799500679335723E-007
  3.462846259238422E-009  1.904249013400897E-010  3.906871882071140E-008
  6.161659732996308E-009  2.050994079248181E-010
  1.492254756449362E-002  4.011378529357499E-003  1.646387855926627E-006
  5.269661278177260E-007  6.418770046665919E-006  3.319016476142062E-010
  7.292581083297290E-012  6.857946776563367E-010  6.426093910802101E-007
  3.256386724346067E-009  1.572024956033510E-010  3.290567583091086E-008
  4.540326149144392E-009  1.177053316904004E-010
  1.492541627750948E-002  4.009291195430329E-003  1.593306578867088E-006
  5.711819310398945E-007  6.220148436785089E-006  2.570699203109676E-010
  4.508346650592977E-012  5.075407759477536E-010  5.260232066946945E-007
  3.020153731684978E-009  1.283857043233863E-010  2.782833500650664E-008
  1.905551365064544E-009  6.791023700028895E-011
  1.492730638165896E-002  4.007475175462780E-003  1.544311023760793E-006
  6.103390654553049E-007  6.029905043058670E-006  1.988847496045362E-010
  2.777155409370307E-012  3.799174025355041E-010  4.062074381343074E-007
  2.556748609635697E-009  9.567818374210990E-011  2.354222433195279E-008
  7.711240730067635E-010  3.686681087653427E-011
  1.492901270898838E-002  4.006535968046698E-003  1.499547054616300E-006
  6.431556327445597E-007  5.849280748538622E-006  1.586305265958258E-010
  1.955129403144518E-012  3.020157300919430E-010  3.040529756830997E-007
  2.027327380343382E-009  6.743962031970288E-011  1.675628369664327E-008
  2.070143965561791E-010  1.720555307193066E-011
  1.493089577556310E-002  4.005351993404968E-003  1.458769075145261E-006
  6.684635868443450E-007  5.680842610055586E-006  1.310069610592769E-010
  1.733096402624632E-012  2.604846289420519E-010  2.190100704478843E-007
  1.479153476659431E-009  4.525034251471751E-011  3.336868899607452E-009
  4.360882664209140E-011  5.470392393810855E-012
  1.493226109541123E-002  4.004188529617143E-003  1.421656016933359E-006
  6.828566742852117E-007  5.526337643272783E-006  1.125837593313619E-010
  2.081772137530610E-012  2.412530354357565E-010  1.502347216339777E-007
  9.518388593956219E-010  2.915892048072991E-011  2.206852814658978E-010
  4.180074620611096E-012  1.511928728461045E-012
  1.493316786857804E-002  4.003268575340196E-003  1.387420307578702E-006
  6.883341516201863E-007  5.380359100025184E-006  1.008312049013401E-010
  3.106288355351843E-012  2.367349349428915E-010  9.704060586049117E-008
  2.929157908910478E-011  1.841405717005809E-011  3.346959418466227E-012
  1.281052848724634E-013  1.439112793073595E-012
  1.493380962520081E-002  4.002538924035638E-003  9.474912508442057E-007
  6.855079770394110E-007  5.242413051551073E-006  9.377837856079550E-011
  4.991860923757701E-012  2.423537280746689E-010  5.723573598503265E-008
  2.866642858091524E-014  1.166431543232838E-011  6.340388392861451E-015
  7.053133715874344E-016  4.101292294166034E-014
  1.493423905150382E-002  4.001855834821885E-003  2.586791313131259E-007
  6.749223393621300E-007  4.679515511392005E-006  8.989825951632895E-011
  7.653008570700406E-012  2.529407713293041E-010  2.946317076175894E-008
  5.916298498953479E-018  7.795963075424909E-012  3.722787441927602E-018
  1.476951683212919E-018  4.378683234531153E-017
  1.493451962788271E-002  4.001371793991093E-003  7.141369442694048E-009
  6.572688757184297E-007  1.743043964616751E-006  8.752112576006070E-011
  3.789323698519554E-012  2.644510338559521E-010  2.044331886332908E-009
  2.379034373659397E-021  5.609866762114506E-012  4.628531397636004E-021
  5.744410420243107E-021  8.804258009159018E-020
  1.493471876024946E-002  4.001095251721001E-003  1.075339616750885E-009
  6.322755768423269E-007  3.867812569797650E-007  2.282817327212501E-011
  4.327764648164077E-013  2.184021480963676E-010  4.141829395655113E-010
  7.006498580736248E-023  4.254320847419556E-012  2.329718250968096E-022
  4.737897269939596E-022  5.382715597060580E-021
  1.493487944133356E-002  4.000899876397052E-003  2.597605141037640E-010
  6.034642394724829E-007  1.586005460259043E-007  8.541571771806510E-012
  1.231163876619508E-013  7.842699086433865E-011  1.617107296814182E-010
  9.505958675850954E-024  3.303716347367103E-012  4.273051764655607E-023
  1.136010407903993E-022  1.093695844512241E-021
  1.493500625061440E-002  4.000757748209511E-003  1.115875541032658E-010
  5.718266562793456E-007  8.258323698087362E-008  4.182647024498717E-012
  5.004049534840084E-014  3.731397100085253E-011  8.148409784050895E-011
  2.344462791573741E-024  2.608873829762331E-012  1.295819984630431E-023
  4.124743250868944E-023  3.548750967953205E-022
  1.493511200482900E-002  4.000640610243780E-003  7.117337734934151E-011
  5.383395024641606E-007  5.792176546385331E-008  2.863872893362509E-012
  3.183468307263494E-014  2.525581155475237E-011  5.642168971770709E-011
  1.225643183367773E-024  2.081741926127016E-012  7.352561708370561E-024
  2.511655096627985E-023  2.067182969656772E-022
  1.493520309840739E-002  4.000543198764201E-003  5.614660154497617E-011
  5.040587067878757E-007  4.404349890751246E-008  2.147542089516030E-012
  2.287365776731846E-014  1.881119972426173E-011  4.258504590828744E-011
  7.858463234027630E-025  1.674681956190613E-012  4.944539909947183E-024
  1.759637349525248E-023  1.411404159520929E-022
  1.493527472500031E-002  4.000463103151617E-003  4.663362897258444E-011
  4.702645663994139E-007  3.412996827824924E-008  1.645027368691940E-012
  1.690973794567479E-014  1.432840882241219E-011  3.279686243111646E-011
  5.285068929678259E-025  1.356061186304081E-012  3.460095697770961E-024
  1.273922635710173E-023  1.000150617255153E-022
  1.493534459601106E-002  4.000394263544071E-003  3.957431746254911E-011
  4.374933299544467E-007  3.009052642086260E-008  1.456969917754895E-012
  1.518838748862356E-014  1.271875819418895E-011  2.898571821861308E-011
  4.927838943142139E-025  1.104104199106139E-012  3.175963257967240E-024
  1.153723341928839E-023  9.134844614463331E-023
  1.493539828752738E-002  4.000336704755175E-003  3.579577183702220E-011
  4.062487733193010E-007  3.073523424206941E-008  1.522772770582079E-012
  1.703319843025985E-014  1.344220647020484E-011  2.997187860010022E-011
  6.668088983378316E-025  9.035212665663277E-013  1.868249450143808E-024
  1.348856500521399E-023  1.090379823525495E-022
  1.493545023697741E-002  4.000289598544695E-003  3.531329976283059E-011
  3.769014597440083E-007  2.944170379910396E-008  1.480663392494252E-012
  1.733691901220955E-014  1.316473597018001E-011  2.894056530794693E-011
  7.668137919914728E-025  7.424017381837475E-013  9.349751174380377E-025
  1.410771968675175E-023  1.195442958136493E-022
  1.389157393840608E-002  4.000248149769039E-003  3.531328899401417E-011
  3.499040757714794E-007  2.971569370203408E-008  1.526932479252566E-012
  1.908975160739531E-014  1.371576511769406E-011  2.954729679834150E-011
  1.006124548789889E-024  6.116039093217920E-013  9.448539923982075E-025
  1.615633389218066E-023  1.423738896890775E-022
  1.378172184078863E-002  3.999010716739529E-003  3.531256109247747E-011
  3.255464233308930E-007  3.438194277192205E-008  1.782768048420378E-012
  2.317109051344119E-014  1.611059102797562E-011  3.429306534670855E-011
  1.862754035080795E-024  5.045844580178918E-013  1.018286245913216E-024
  2.345332576898072E-023  1.816989753977222E-022
  1.395382703613303E-002  3.997943936301654E-003  3.530696323885566E-011
  3.033624789112947E-007  4.146842454717010E-008  2.108650227205233E-012
  3.065579829181306E-014  1.938621039938390E-011  3.986811312587425E-011
  3.824665689091714E-024  4.164479853711446E-013  1.103790960643070E-024
  3.312809126708421E-023  2.753423462623449E-022
  1.539829205055900E-002  3.998340521563924E-003  3.529703491152137E-011
  2.832715436351804E-007  5.953049287635061E-008  2.977031750876892E-012
  5.132992693650166E-014  2.184874041192205E-011  5.481821417593605E-011
  1.214545483808927E-023  3.432117430397797E-013  1.201758602556891E-024
  5.860054647089699E-023  5.680791498294921E-022
  1.683331137590775E-002  3.998355173015096E-003  3.527023355503432E-011
  2.650839182481038E-007  8.405344476922919E-008  4.747333628589284E-012
  1.009383930534071E-013  2.086259431845528E-011  8.459737954851728E-011
  3.678038810961980E-023  2.816240630975394E-013  1.321103700526848E-024
  1.262164406240242E-022  5.324393913797334E-022
  1.969463726044184E-002  3.998044584506063E-003  3.523439762265705E-011
  2.493156526020062E-007  1.331199238570774E-007  6.875488169315896E-012
  2.199915757800265E-013  2.001947506104450E-011  1.407787661396942E-010
  1.094858973183174E-022  2.291017024983020E-013  1.472310359342099E-024
  3.115683800790543E-022  4.885653567447024E-022
  2.311509161127528E-002  3.996165014421913E-003  3.518836706237196E-011
  2.354056221661164E-007  1.321663483378522E-007  5.890067605789022E-012
  3.862271589802891E-013  1.927351527261591E-011  2.009761380506133E-010
  2.856801189630323E-022  1.842608829822521E-013  1.673378828283376E-024
  6.107002826578100E-022  5.703687989552241E-022
  2.792723507877712E-002  3.992211681737030E-003  3.511492554018853E-011
  2.229876631756138E-007  1.312239768826503E-007  5.034417945204414E-012
  7.584557246211069E-013  1.861400101895546E-011  2.545801321222763E-010
  9.436621821311380E-022  1.457555034984906E-013  1.960323924229532E-024
  1.371739293224153E-021  7.886918703571620E-022
  3.412861361369045E-002  3.993759960235307E-003  3.502006186530286E-011
  2.119835047023026E-007  1.302919734215879E-007  4.289335880818349E-012
  1.672290420902861E-012  1.805191151297753E-011  2.068648287734408E-010
  9.704450661696278E-021  1.123265882557208E-013  2.387843444571355E-024
  6.756232652361054E-021  1.168632470205928E-021
  4.213751851959817E-002  3.989748354581196E-003  3.489774724030020E-011
  2.021954614923514E-007  1.293166687734970E-007  3.629429898341537E-012
  1.148546732026632E-012  1.752357210648374E-011  1.633122108337451E-010
  3.375394831802731E-020  8.295033211942556E-014  3.062996745549704E-024
  1.549834166715721E-020  1.733348500784011E-021
  4.540913965264207E-002  3.992479367228015E-003  3.484763721589574E-011
  1.950527800521317E-007  1.287198499966433E-007  3.050213457967940E-012
  7.524092164275902E-013  1.707428978248065E-011  1.238660164096616E-010
  4.915880167139961E-019  5.704897789893350E-014  3.789403235716676E-024
  2.829755497827453E-020  2.503497812851297E-021
  4.641232682390643E-002  3.995465870889474E-003  3.483220063515735E-011
  1.899843323962200E-007  1.282895440478584E-007  2.610781929070003E-012
  4.844297908646689E-013  1.673191239687212E-011  9.333199453768959E-011
  2.401735364937567E-018  3.740697017326716E-014  4.589834732568431E-024
  3.401157090294719E-020  3.147688647380788E-021
  4.699292757615180E-002  3.997994235404334E-003  3.482324012114176E-011
  1.863570462573120E-007  1.279472943966835E-007  2.283817394825530E-012
  2.966302698986764E-013  1.647760370562828E-011  7.018387574369085E-011
  1.447633923046596E-017  2.259670951068341E-014  5.353309966956192E-024
  3.347313967811651E-020  3.233424390302702E-021
  4.739608386328396E-002  3.999843701652738E-003  3.481701503139049E-011
  1.863236939737944E-007  1.279244200182620E-007  2.050267090466474E-012
  1.686499393355685E-013  1.629518383137560E-011  5.358738596323928E-011
  4.738136037069537E-017  1.213573055817099E-014  5.960500085371306E-024
  2.347463455258517E-020  2.276890783246860E-021
  4.764107308855653E-002  4.001086621307539E-003  3.481322823791109E-011
  1.863034288975499E-007  1.279105066073776E-007  1.897749783983077E-012
  8.303680444805072E-014  1.617645108754885E-011  4.264228336080230E-011
  4.739624416937257E-017  1.213947672354082E-014  6.375144516295203E-024
  2.348340739778794E-020  2.277599771289169E-021
  4.764107643609268E-002  4.001086613984774E-003  3.481322795352830E-011
  1.863034273736481E-007  1.279105055611091E-007  1.897747490080508E-012
  8.303552260685478E-014  1.617644920552297E-011  4.264211939317455E-011
  4.739624845459271E-017  1.213947670487323E-014  6.673367214210552E-024
  2.348499768340030E-020  2.277607852906906E-021
