  1.485222645002716E-002  4.028758040701768E-003  2.967886741232575E-006
  3.923240758917355E-008  1.510009855893898E-005  2.009460482633357E-007
  1.310783461544262E-008  2.097676604233721E-009  1.637223099186310E-006
  1.551092101173434E-007  5.664734288883615E-009  8.779862557853710E-007
  4.993737047569591E-008  2.675352905207529E-011
  1.485222201187015E-002  4.028825891971728E-003  3.050440547276676E-006
  2.780685372536919E-008  1.437624443902526E-005  1.060293716459092E-007
  6.333726212550100E-009  1.746266987861241E-009  1.626325685456255E-006
  5.418525943492930E-008  2.039001872189107E-009  6.616159670338510E-007
  3.260826223171574E-008  8.016083899064757E-011
  1.485619025957019E-002  4.028507525801354E-003  3.165623921412775E-006
  2.189030543605174E-008  1.371738552035981E-005  5.598964436705389E-008
  2.981930323842333E-009  1.607805890926110E-009  1.619082430364073E-006
  1.690082299944968E-008  8.098285251770814E-010  6.174161201580370E-007
  2.789948036513498E-008  2.103134729621090E-010
  1.485938555140839E-002  4.028162559414730E-003  3.241393734168614E-006
  2.000289252672153E-008  1.308729097770384E-005  3.089392328110006E-008
  1.612382484321248E-009  1.674889956774640E-009  1.615003137485266E-006
  6.805655691912107E-009  4.071733368729206E-010  6.132788308917019E-007
  2.935147638900253E-008  4.818190450966469E-010
  1.486207079664937E-002  4.027866787495439E-003  3.256773978086868E-006
  2.064999499631273E-008  1.251735112726756E-005  1.894033174049088E-008
  1.085328984660201E-009  1.975658541382253E-009  1.612225383426675E-006
  4.421640283712089E-009  2.857474026440837E-010  6.014435558328401E-007
  3.328136039226118E-008  8.987758835221413E-010
  1.486435649854638E-002  4.027615157464313E-003  3.223885132098328E-006
  2.302183432689165E-008  1.202211328313620E-005  1.333238822744266E-008
  8.754241950474903E-010  2.395960530738048E-009  1.609568166640890E-006
  3.903220018873316E-009  2.582403123563379E-010  5.727842682751497E-007
  3.739789388372588E-008  1.364721609557984E-009
  1.486640287426925E-002  4.027405771190094E-003  3.168018102669455E-006
  2.631609839502700E-008  1.162653815510503E-005  1.051938373389919E-008
  7.851970549709301E-010  2.819606597285595E-009  1.606738221118782E-006
  3.862030898660235E-009  2.607238973455036E-010  5.360343471944554E-007
  4.076568573854420E-008  1.796448079325196E-009
  1.486800944545114E-002  4.027246610706477E-003  3.110403551954504E-006
  2.981677570014881E-008  1.132418132137433E-005  9.072229611683331E-009
  7.430595222849544E-010  3.164001491102317E-009  1.604116281027556E-006
  3.931863234884839E-009  2.703877384647714E-010  5.014255395886662E-007
  4.308695095191450E-008  2.133531671831815E-009
  1.486956249225755E-002  4.027137366165909E-003  3.052639067617019E-006
  3.361303391187641E-008  1.107402997114664E-005  8.362000012483857E-009
  7.225421044212173E-010  3.389040612230211E-009  1.602061245290456E-006
  4.002767639882135E-009  2.790574176477366E-010  4.688167868388397E-007
  4.441681825469767E-008  2.345529351243669E-009
  1.487146668049143E-002  4.027019880822187E-003  2.987586586363651E-006
  3.833004766938152E-008  1.081652844606405E-005  7.764013173186855E-009
  7.033500638078907E-010  3.609880221857848E-009  1.599673174100725E-006
  4.077411235410051E-009  2.885524862202513E-010  4.335770983009412E-007
  4.563202963528036E-008  2.550910047005165E-009
  1.487371711058874E-002  4.026891746526855E-003  2.916148515727868E-006
  4.413134388024492E-008  1.054948944492529E-005  7.239606515602586E-009
  6.833712369172124E-010  3.823359974309885E-009  1.596818735641059E-006
  4.148285884135265E-009  2.986453236257693E-010  3.964177893837288E-007
  4.675309713223656E-008  2.755124016416780E-009
  1.487559736474488E-002  4.026751392988004E-003  2.838805227103909E-006
  5.128929247277917E-008  1.027651574389789E-005  6.745447821143791E-009
  6.577204693062328E-010  4.012873067662982E-009  1.592926407161778E-006
  4.193857777292981E-009  3.090263563880433E-010  3.581550584250788E-007
  4.777874405574704E-008  2.985182849901112E-009
  1.487643968538511E-002  4.026587115522805E-003  2.756547020476050E-006
  6.056831368841664E-008  1.001141949218584E-005  6.236898348119065E-009
  6.227164629214914E-010  4.171195905294724E-009  1.587077411492309E-006
  4.211444421136272E-009  3.191687670181798E-010  3.201128982272997E-007
  4.862616175337405E-008  3.205645440755605E-009
  1.487889084006047E-002  4.026321993691908E-003  2.669557697018990E-006
  7.193108004309102E-008  9.735103617536942E-006  5.671995508334865E-009
  5.776237587906669E-010  4.318365028983681E-009  1.577881752171338E-006
  4.226473649774852E-009  3.290366587053682E-010  2.831262719686752E-007
  4.914424848650574E-008  3.333697083223811E-009
  1.488214040512368E-002  4.025915216146134E-003  2.580087461313828E-006
  8.568227647401645E-008  9.456250395635676E-006  5.045698355583662E-009
  5.229264728155621E-010  4.461849410506579E-009  1.564464870397259E-006
  4.249660265373883E-009  3.385378416972539E-010  2.478355081262511E-007
  4.922893897335043E-008  3.314272217025364E-009
  1.488439885877534E-002  4.025093896533591E-003  2.489930288736323E-006
  1.021126677486493E-007  9.180474153399408E-006  4.236706696776168E-009
  4.409337780032115E-010  4.487479784151581E-009  1.536955343326271E-006
  4.198819137500523E-009  3.383327545055567E-010  2.147357599450490E-007
  4.740015789798526E-008  3.059733321597923E-009
  1.488773841526839E-002  4.024204766236170E-003  2.399568188471816E-006
  1.220071606515042E-007  8.904072405723073E-006  3.500955863115071E-009
  3.581383504862717E-010  4.384567814387146E-009  1.502517922662866E-006
  4.034969739705217E-009  3.290282448171006E-010  1.844777502753193E-007
  4.455978297506243E-008  2.803540117265953E-009
  1.489133502074492E-002  4.023268963667710E-003  2.310047820505390E-006
  1.464439460938049E-007  8.629509529338453E-006  2.855480623504138E-009
  2.811377643239583E-010  4.168552619475200E-009  1.462109425420967E-006
  3.783348022011657E-009  3.123715964216354E-010  1.578189527879060E-007
  4.097168031228345E-008  2.553307955634789E-009
  1.489456667942233E-002  4.022289952703767E-003  2.222652669012265E-006
  1.747918420800086E-007  8.357806380093427E-006  2.274863079940615E-009
  2.058208678097340E-010  3.766080210780004E-009  1.408311359550157E-006
  3.445257780837016E-009  2.880705803064796E-010  1.340460466144240E-007
  3.609248688981739E-008  2.283510837204985E-009
  1.489797732363903E-002  4.021110512478957E-003  2.137454051633192E-006
  2.072641176448415E-007  8.090254320183765E-006  1.792761530451444E-009
  1.463607554622106E-010  3.330130751147397E-009  1.343641003326335E-006
  3.253444408472964E-009  2.680017486075000E-010  1.130951749152266E-007
  3.046664688518083E-008  1.888535769130613E-009
  1.490149411104848E-002  4.019786222889835E-003  2.054577842728581E-006
  2.440081564644138E-007  7.827276742274082E-006  1.403127092885324E-009
  1.019582400426327E-010  2.897944405809419E-009  1.272920483419812E-006
  3.159005786616746E-009  2.511289866571961E-010  9.486863401829031E-008
  2.491904623913459E-008  1.473606473854511E-009
  1.490484475107203E-002  4.018297857448933E-003  1.975684759172792E-006
  2.855785544321996E-007  7.566321809101541E-006  1.105025710218985E-009
  6.829482422372915E-011  2.412304938260416E-009  1.187237283610796E-006
  3.211850228090740E-009  2.415183727278965E-010  7.952844778688349E-008
  1.940063040338596E-008  1.068567121724155E-009
  1.490818144069254E-002  4.016890268641880E-003  1.901458966854382E-006
  3.311156787954869E-007  7.320704391075794E-006  8.723261007411301E-010
  4.495267375091344E-011  1.967527429001648E-009  1.097096979664602E-006
  3.274813368679403E-009  2.319561295700258E-010  6.677545615035661E-008
  1.490335856648443E-008  7.636498295941752E-010
  1.491167378750085E-002  4.015582037816025E-003  1.831129321340752E-006
  3.791598561307055E-007  7.081936305083596E-006  6.893045863907986E-010
  2.875425837466419E-011  1.556524276519640E-009  9.999510286502955E-007
  3.352861647172379E-009  2.222548938077739E-010  5.592159156135519E-008
  1.120690916099943E-008  5.329594474112949E-010
  1.491491323648408E-002  4.014124745944465E-003  1.764968400524099E-006
  4.287256815161910E-007  6.850553759195920E-006  5.434073994296471E-010
  1.835343004770539E-011  1.206098856086714E-009  8.866672906712622E-007
  3.412411776442059E-009  2.067423622528439E-010  4.675344112168966E-008
  8.307274918031200E-009  3.353509567433558E-010
  1.491848011826926E-002  4.012641192325829E-003  1.703238699878125E-006
  4.786817082180746E-007  6.628740304040738E-006  4.294782142802844E-010
  1.178074256958196E-011  9.312296334073512E-010  7.799217454118096E-007
  3.462847583514299E-009  1.904278917606798E-010  3.906675798141691E-008
  6.161185625185985E-009  2.050841453900213E-010
  1.492254859238334E-002  4.011378080419679E-003  1.646372405920807E-006
  5.269789341742012E-007  6.418714226934641E-006  3.318789897425339E-010
  7.293542717430411E-012  6.862632663893973E-010  6.425793959510689E-007
  3.256330716431538E-009  1.572018933139365E-010  3.290409792221467E-008
  4.599216521360209E-009  1.177005298318528E-010
  1.492541691756800E-002  4.009290597104262E-003  1.593292482273754E-006
  5.711933142155259E-007  6.220096844695607E-006  2.570532761366309E-010
  4.509517356573403E-012  5.080903495156374E-010  5.259998992172188E-007
  3.020076691232660E-009  1.283850676942706E-010  2.782708923320291E-008
  2.054958509707799E-009  6.791250278256112E-011
  1.492730683251015E-002  4.007474810882291E-003  1.544298582599791E-006
  6.103486776085671E-007  6.029858287965046E-006  1.988732382030994E-010
  2.778553360766861E-012  3.805605444185014E-010  4.061889941384221E-007
  2.556625336540298E-009  9.567617003792968E-011  2.354090025032805E-008
  7.729376209095049E-010  3.687096542782313E-011
  1.492901316934789E-002  4.006535725544996E-003  1.499536201962458E-006
  6.431632565914247E-007  5.849239354025031E-006  1.586236668008680E-010
  1.956756814356217E-012  3.027100691231580E-010  3.040435527484865E-007
  2.027206250030691E-009  6.743818154986638E-011  1.675323851008498E-008
  2.178771032948666E-010  1.720821556658768E-011
  1.493089619270397E-002  4.005351694324317E-003  1.458759702218847E-006
  6.684687481265478E-007  5.680807377514073E-006  1.310033319764728E-010
  1.735041654735210E-012  2.612189790973496E-010  2.190087869964210E-007
  1.479041712379503E-009  4.524959442277559E-011  3.334972707316498E-009
  4.696008186684038E-011  5.469498756295759E-012
  1.493226135444235E-002  4.004188284623831E-003  1.421649006481460E-006
  6.828592557658914E-007  5.526307535292341E-006  1.125831375476141E-010
  2.084733135964352E-012  2.418012874312367E-010  1.502385949590010E-007
  9.517493054672686E-010  2.915908575550956E-011  2.015969060638592E-010
  3.879351881193430E-012  1.511841940103776E-012
  1.493316803352599E-002  4.003268397402195E-003  1.387399794389798E-006
  6.883343686191608E-007  5.380335341074564E-006  1.008341746450387E-010
  3.111578569714651E-012  2.369863958592789E-010  9.704344611088659E-008
  3.069718986914811E-011  1.841542259343132E-011  3.494160004185076E-012
  1.327374499386605E-013  1.439560162001953E-012
  1.493380973512382E-002  4.002538778516197E-003  9.473381167535178E-007
  6.855065592524338E-007  5.242364846762836E-006  9.378570694519730E-011
  5.000722861398372E-012  2.423800618415318E-010  5.723193542209138E-008
  3.523368975902438E-014  1.166503368784427E-011  7.616002363448124E-015
  8.205096403846522E-016  4.848032900859305E-014
  1.493423911875483E-002  4.001855717186979E-003  2.585748232518970E-007
  6.749195329576532E-007  4.679288128117946E-006  8.990173344116902E-011
  7.657711084680285E-012  2.529434311048648E-010  2.945891846014486E-008
  5.244051926811745E-018  7.795510550995395E-012  3.355250756684402E-018
  1.355534083841537E-018  3.978228156059062E-017
  1.493451966970137E-002  4.001371725705639E-003  7.232330300055556E-009
  6.572649647413676E-007  1.881864767237004E-006  8.752093833971422E-011
  4.247494511875379E-012  2.644534550697777E-010  2.218694093027067E-009
  2.880047009605860E-021  5.609565534624234E-012  5.438856144164774E-021
  6.562483185397730E-021  1.022904826576334E-019
  1.493471878928107E-002  4.001095215199575E-003  1.075019743676072E-009
  6.322710375142164E-007  4.585293787598702E-007  2.764864025617803E-011
  5.584860547069484E-013  2.669906843665346E-010  4.966839619903396E-010
  1.074252854739599E-022  4.254138205739058E-012  3.332717406900570E-022
  6.366675137685094E-022  7.515914048537435E-021
  1.493487946203889E-002  4.000899852572716E-003  2.597177914771576E-010
  6.034598445043498E-007  1.718822526193844E-007  9.350745472719523E-012
  1.389418730717113E-013  8.625581758024981E-011  1.762011899913781E-010
  1.164277442856586E-023  3.303599707837806E-012  5.060583797670383E-023
  1.306199295720774E-022  1.280854563760108E-021
  1.493500626474990E-002  4.000757732642731E-003  1.115793993066607E-010
  5.718226216174210E-007  7.949602702227072E-008  4.007128507331337E-012
  4.724810249912846E-014  3.566684420912096E-011  7.823847879451561E-011
  2.129187761024336E-024  2.608799621989669E-012  1.196052123071264E-023
  3.860838592562449E-023  3.292663729847062E-022
  1.493511201505526E-002  4.000640599113374E-003  7.117111346380922E-011
  5.383359506018062E-007  6.274645604236121E-008  3.133638464307549E-012
  3.591673108696675E-014  2.776836119454583E-011  6.144886402288030E-011
  1.500583859153309E-024  2.081693679152738E-012  8.699665045390813E-024
  2.885746440901202E-023  2.419363381899039E-022
  1.493520310537569E-002  4.000543191191219E-003  5.614577025383206E-011
  5.040557750671827E-007  4.619600170237005E-008  2.265978731549656E-012
  2.458100661266489E-014  1.990623299870166E-011  4.480869022246653E-011
  8.867233109321997E-025  1.674651070441061E-012  5.466345178054744E-024
  1.911532125115024E-023  1.550261017130453E-022
  1.493527472968248E-002  4.000463098155552E-003  4.663309311322008E-011
  4.702623090332586E-007  3.465486575705482E-008  1.673516660552462E-012
  1.730379465238406E-014  1.459015972092733E-011  3.333515774773426E-011
  5.493332652833637E-025  1.356041971372692E-012  3.572926690473979E-024
  1.308109690608155E-023  1.030630184777532E-022
  1.493534459923758E-002  4.000394260312999E-003  3.957402550061362E-011
  4.374916933122469E-007  2.870394966030794E-008  1.381660237496996E-012
  1.414452892210263E-014  1.202661470779506E-011  2.756322485623160E-011
  4.372949456965790E-025  1.104092683412223E-012  2.876067856171451E-024
  1.063044969138476E-023  8.325352934572561E-023
  1.493539828955103E-002  4.000336702715959E-003  3.579571273535990E-011
  4.062475842905575E-007  2.525029765738326E-008  1.220642319047229E-012
  1.266198304742580E-014  1.064734413021118E-011  2.430233727454920E-011
  4.054417048574394E-025  9.035142042345255E-013  2.627536979547162E-024
  9.590221423447803E-024  7.570644155387209E-023
  1.493545023841553E-002  4.000289597193571E-003  3.531329878023994E-011
  3.769004403217752E-007  2.950500136926123E-008  1.484245546996128E-012
  1.739312701686272E-014  1.319828246388641E-011  2.900694684878525E-011
  7.709882763580612E-025  7.423964921432512E-013  4.360813455126977E-024
  1.416039076334659E-023  1.195443583920230E-022
  1.370289737094648E-002  4.000248145241400E-003  3.531329048109737E-011
  3.499030826570834E-007  2.891698122043509E-008  1.480828558421911E-012
  1.832211201912895E-014  1.328015598977406E-011  2.870074739772274E-011
  9.391929627371328E-025  6.115993318818984E-013  3.494704365034594E-024
  1.541012826054901E-023  1.352991509547359E-022
  1.314409834112395E-002  3.999010644190356E-003  3.531256177394418E-011
  3.255454059640755E-007  3.127885615240570E-008  1.650891317775599E-012
  2.238743209044368E-014  1.501697529089965E-011  3.154995722982223E-011
  1.467244448577747E-024  5.045802050757183E-013  1.122139968136694E-024
  1.990218934257698E-023  1.817012297345013E-022
  1.403367189770246E-002  3.997943895443837E-003  3.530696346110428E-011
  3.033613753396616E-007  4.194514354545542E-008  2.108678806445418E-012
  3.065637338469820E-014  1.938641694674462E-011  3.986861027467056E-011
  3.936349447092570E-024  4.164437952575074E-013  1.115229070478198E-024
  3.312770590139857E-023  2.753562653887742E-022
  1.600282813778132E-002  3.998340562120438E-003  3.529703431843220E-011
  2.832703738408251E-007  6.823030679587583E-008  2.977109157296582E-012
  5.133172796962813E-014  2.184875563583614E-011  5.481950517802040E-011
  1.710575900218447E-023  3.432076506880557E-013  1.211890115737489E-024
  5.858118679470032E-023  5.680817991101900E-022
  1.775585281994515E-002  3.998355171858539E-003  3.527023189297498E-011
  2.650828248436224E-007  9.513972753841070E-008  4.747512263912940E-012
  1.009434106788842E-013  2.086251417579254E-011  8.460013136137078E-011
  5.027714017527787E-023  2.816204119753101E-013  1.345651859822027E-024
  1.261979064213143E-022  5.324333945597996E-022
  2.010045955120005E-002  3.998044529578733E-003  3.523439561450567E-011
  2.493147787104354E-007  1.331198648865416E-007  6.875507692257775E-012
  2.199992545717133E-013  2.001942847596746E-011  1.407824331319846E-010
  2.258831360740048E-022  2.290988269247976E-013  1.542704330397741E-024
  3.115410397872869E-022  4.885628945717729E-022
  2.311527552445921E-002  3.996164859084249E-003  3.518836455270056E-011
  2.354049797093705E-007  1.321663024656748E-007  5.890004147262010E-012
  3.862376795376626E-013  1.927348087312904E-011  2.009792995035656E-010
  8.143936296893208E-022  1.842588478355305E-013  1.824584427806113E-024
  6.107476613304512E-022  5.703760859497078E-022
  2.792745473003622E-002  3.992211610840183E-003  3.511492248436128E-011
  2.229871961924092E-007  1.312239396387401E-007  5.034386141133164E-012
  7.584899850738664E-013  1.861397669114231E-011  2.545806323428387E-010
  4.454488998909955E-021  1.457540718211328E-013  2.228549142424655E-024
  1.371834207046930E-021  7.887020696863287E-022
  3.412885949108337E-002  3.993759941622258E-003  3.502005843217637E-011
  2.119831626737751E-007  1.302919415169978E-007  4.289312952606300E-012
  1.672294506936712E-012  1.805189387831554E-011  2.068627721013411E-010
  2.633083993218420E-020  1.123255657468354E-013  2.531654858130385E-024
  6.756387887529970E-021  1.168644337957961E-021
  4.213767180341840E-002  3.989748314281677E-003  3.489774515942258E-011
  2.021952502758051E-007  1.293166486189859E-007  3.629414556181644E-012
  1.148528492114904E-012  1.752355996945383E-011  1.633111867621868E-010
  4.679261832144215E-020  8.294965093637859E-014  3.150476253768629E-024
  1.549860508833905E-020  1.733361577955305E-021
  4.540916940694741E-002  3.992479431211100E-003  3.484763695401002E-011
  1.950526756499583E-007  1.287198415976375E-007  3.050204431822997E-012
  7.524024668602150E-013  1.707428287098696E-011  1.238654005049027E-010
  5.005247510506831E-019  5.704857669635490E-014  3.814586808706759E-024
  2.829779941157875E-020  2.503508023442473E-021
  4.641233420306438E-002  3.995465903674964E-003  3.483220066665288E-011
  1.899842772020678E-007  1.282895391385861E-007  2.610777420180166E-012
  4.844264949169293E-013  1.673190894469790E-011  9.333168358067195E-011
  2.407611156526051E-018  3.740676970777586E-014  4.606490161123281E-024
  3.401159693817645E-020  3.147686057512156E-021
  4.699293080675499E-002  3.997994250446960E-003  3.482324018207974E-011
  1.863570372307392E-007  1.279472934259165E-007  2.283815434429620E-012
  2.966287868273187E-013  1.647760223394223E-011  7.018374196666231E-011
  1.448014644094226E-017  2.259661510172075E-014  5.358177244033169E-024
  3.347311560121654E-020  3.233416267788580E-021
  4.739674247873601E-002  3.999847042783285E-003  3.481700493844802E-011
  1.863236394931043E-007  1.279243826147025E-007  2.049857042139885E-012
  1.684195628866705E-013  1.629486466397718E-011  5.355796558539117E-011
  4.496580549957104E-017  1.213572910300732E-014  5.904086694496920E-024
  2.347478265717902E-020  2.276887062919058E-021
  4.763988369649482E-002  4.001080587098404E-003  3.481324680267205E-011
  1.863035272944784E-007  1.279105741570855E-007  1.898490192648020E-012
  8.345233390044156E-014  1.617702783969153E-011  4.269576057485597E-011
  4.739820705858792E-017  1.213945813987627E-014  6.423113452475329E-024
  2.348326433908633E-020  2.277591279930746E-021
  4.764107641091859E-002  4.001086613857897E-003  3.481322813118956E-011
  1.863034273880983E-007  1.279105055642538E-007  1.897747462379340E-012
  8.303542053563867E-014  1.617644953215669E-011  4.264245729308164E-011
  4.739827696492791E-017  1.213947647590675E-014  6.695430492506384E-024
  2.348494710186568E-020  2.277603166991663E-021
