 -5.60000e-09
 -5.80000e-09
 -7.30000e-09
  6.50000e-09
  5.40000e-09
  3.11000e-09
  1.85000e-09
  1.08000e-09
  6.50000e-10
  3.90000e-10
  2.47000e-10
  1.50000e-10
  1.04000e-10
  6.70000e-11
  4.30000e-11
  3.20000e-11
  2.56000e-11
  2.08000e-11
  1.77000e-11
  1.64000e-11
  1.64000e-11
  1.63000e-11
  1.65000e-11
  1.82000e-11
  2.02000e-11
  2.42000e-11
  3.36000e-11
  5.50000e-11
  1.08000e-10
  1.64000e-10
 -4.95000e-10
 -6.58000e-10
 -3.68000e-10
 -1.92000e-10
 -9.30000e-11
 -4.10000e-11
 -1.70000e-11
 -5.99998e-12
 -2.00001e-12
 -9.99978e-13
 -9.99978e-13
      0.00000
 -1.00001e-12
      0.00000
 -9.99978e-13
 -2.99999e-12
 -3.99999e-12
 -8.00002e-12
 -1.20000e-11
 -1.70000e-11
