 -6.00000e-10
 -2.00000e-10
  3.00002e-10
  1.00000e-10
      0.00000
  1.00000e-11
  3.00000e-11
  2.00000e-11
      0.00000
      0.00000
 -9.99978e-13
 -2.00001e-12
  9.99978e-13
 -5.00000e-12
 -6.00001e-12
 -5.00000e-12
 -2.60000e-12
 -1.50000e-12
 -6.99996e-13
 -3.99999e-13
 -1.00003e-13
 -9.99964e-14
      0.00000
  9.99964e-14
  9.99964e-14
      0.00000
      0.00000
 -1.00001e-12
 -1.00001e-12
 -2.00001e-12
  1.99998e-12
  1.40000e-11
  3.50000e-11
  5.80000e-11
  7.40000e-11
  8.00000e-11
  7.50000e-11
  6.30000e-11
  4.80000e-11
  3.50000e-11
  2.40000e-11
  1.60000e-11
  1.20000e-11
  1.00000e-11
  7.99999e-12
  7.00001e-12
  6.00001e-12
  5.00000e-12
  4.00002e-12
  3.00000e-12
