 -9.99982e-11
 -1.00002e-10
      0.00000
 -1.00000e-10
      0.00000
 -1.00000e-11
      0.00000
      0.00000
      0.00000
      0.00000
 -1.00003e-12
      0.00000
      0.00000
      0.00000
      0.00000
      0.00000
      0.00000
      0.00000
  1.00003e-13
  9.99964e-14
  1.00003e-13
  2.00000e-13
  2.00000e-13
  2.99996e-13
  9.99964e-14
      0.00000
 -2.00000e-12
 -3.00000e-12
 -5.00000e-12
 -6.00001e-12
 -6.00001e-12
 -7.00000e-12
 -7.00000e-12
 -7.00000e-12
 -7.00001e-12
 -7.00000e-12
 -7.00000e-12
 -8.00000e-12
 -7.99999e-12
 -8.00000e-12
 -9.00000e-12
 -8.00000e-12
 -8.00000e-12
 -8.00000e-12
 -7.60000e-12
 -7.70000e-12
 -7.40000e-12
 -7.00000e-12
 -6.70000e-12
 -6.30000e-12
