flux values for initaer.f

advfld(35)

      data advfld/ 0.2715521821372E-05, 0.3429371626463E-05,
     $ 0.4336163845850E-05, 0.5493793408513E-05, 0.7330007437947E-05,
     $ 0.5175054275103E-04, 0.1909662167152E-04, 0.1527645612801E-04,
     $ 0.2100780377602E-04, 0.3093987905023E-04, 0.5011930486516E-04,
     $ 0.8796865910464E-04, 0.1583353903085E-03, 0.2582542150688E-03,
     $ 0.3780433941077E-03, 0.5197204322444E-03, 0.6872133793571E-03,
     $ 0.8940097048065E-03, 0.1161311720317E-02, 0.1515658838311E-02,
     $ 0.1991985037593E-02, 0.2643370032368E-02, 0.3545028991947E-02,
     $ 0.4812678896581E-02, 0.6628542075642E-02, 0.9271349709173E-02,
     $ 0.1317624574128E-01, 0.1902798291535E-01, 0.2790096882469E-01,
     $ 0.4147675872730E-01, 0.6238870877733E-01, 0.9476934715067E-01,
     $ 0.1451210848269E+00, 0.2237171395634E+00, 0.3468330421667E+00 /


      diffld = 0.2536715458082E-01
      difflu = 0.2373565708703E-01


atmospheric structure for initatm.f

       dimension ttemp(NZ), rhotemp(NZ)

      data ttemp/ 95.90, 93.00, 91.40, 89.00, 86.75, 85.05, 83.65,
     $ 82.25, 80.70, 79.25, 78.25, 77.30, 76.15, 75.30, 74.70, 74.10,
     $ 73.50, 73.10, 72.90, 72.75, 72.65, 72.75, 72.90, 72.90, 73.10,
     $ 73.45, 73.90, 74.70, 76.00, 77.90, 80.70, 84.85, 90.75, 98.20,
     $ 105.10, 110.85, 116.10, 119.95, 123.10, 126.35, 129.35, 132.30,
     $ 135.10, 137.20, 138.60, 139.90, 141.55, 143.20, 144.55, 145.95 /

      data rhotemp/ 5.1400e-03, 4.8300e-03, 4.4500e-03, 4.1450e-03,
     $ 3.8350e-03, 3.5050e-03, 3.1900e-03, 2.8950e-03, 2.6200e-03,
     $ 2.3650e-03, 2.1250e-03, 1.9050e-03, 1.7100e-03, 1.5350e-03,
     $ 1.3650e-03, 1.2150e-03, 1.0800e-03, 9.5150e-04, 8.4250e-04,
     $ 7.4600e-04, 6.5900e-04, 5.8100e-04, 5.1150e-04, 4.5050e-04,
     $ 3.9650e-04, 3.4900e-04, 3.0750e-04, 2.7050e-04, 2.3600e-04,
     $ 2.0450e-04, 1.7700e-04, 1.5100e-04, 1.2700e-04, 1.0715e-04,
     $ 9.2050e-05, 8.0400e-05, 7.0800e-05, 6.3450e-05, 5.7550e-05,
     $ 5.2300e-05, 4.7650e-05, 4.3600e-05, 4.0000e-05, 3.6900e-05,
     $ 3.4300e-05, 3.2000e-05, 2.9750e-05, 2.7650e-05, 2.5800e-05,
     $ 2.4100e-05/

